97152
544189
723608
824997
1014610
1121673
1569750
1580357
1791101
1801200
1822643
1924981
2104640
2424009
3025348
4049290
4566145
4614305
4922248
5377999
5396424
5645760
5711897
6730058
6748216
6783594
6935344
6955354
6984337
7034246
7050033
7119279
7305275
7330108
7435185
7520412
7727240
7744101
8205542
8400379
8487151
8721023
9105688
9131523
9348600
9429389
9552465
9572575
9672320
9912739
9935244
10146198
10261690
10580547
11221955
11411907
11464287
11592587
11883090
12097846
12166411
12258351
12619455
12981077
13101460
13185612
13262260
13370045
13964813
14267141
14299649
14604233
14723571
14882799
14925332
15387730
15482967
15614428
15625338
15672890
15703323
15890837
16151315
16181755
16232297
16435298
16456025
16510137
16895253
16949925
16972672
17033450
17304520
17391047
17443643
17473952
17679749
17785579
17801854
17825514
18017840
18078977
18211264
18327339
18363030
18376172
18501377
18516874
18637719
18674936
18831529
18903853
18956112
19235082
19380689
19440317
19535702
19569331
19586701
19618491
19781075
19822633
19978033
20032808
20126373
20207966
20238395
20554502
20802841
20855050
21099521
21182926
21377928
22009275
22019719
22234730
22365403
22626572
22766368
22867014
23267495
23277839
23388961
23500973
23599068
23675069
23799901
23820972
24012321
24086065
24134039
24300652
24324901
24527593
24571753
24660772
24958774
25341874
25522114
25982412
25995778
26251924
26378511
26440148
26629999
26730518
26782175
26807218
26879408
27010145
27293198
27476893
27705879
27734340
27849288
28012789
28217352
28354640
28706760
28795003
28938517
28979814
29520336
29640503
29727898
29832263
30168001
30224976
30611053
30709195
30979346
31459611
31606828
31741021
31771075
31812731
32060332
32134510
32296039
32390043
32469702
32492523
32808826
33038291
33106244
33197179
33428638
33471943
33640247
33667121
34117292
34223168
34527046
34933369
35033128
35096440
35159022
35217400
35290581
35391389
35513639
35904461
36072664
36222211
36338491
36569037
37266533
37302014
37478477
38214651
38423431
38591329
38736521
39109881
39676937
39899685
40064587
40195586
40362684
40880562
41108299
41241903
41297764
41457290
41503052
41958467
42108818
42258094
42453802
42650277
42733361
42845776
43124063
43160184
43195823
43284099
43427543
43689036
43781069
43906891
44043203
44306884
44390307
44447785
44735415
45096539
45346248
45403195
45519993
46088606
46559097
46748630
46838045
46852421
46951258
47344812
47384016
47552006
47623172
48040895
48238776
48258385
48314890
48427966
49817075
49915561
51869039
52128687
52997768
53297719
53519627
53560992
53680369
53846692
53878557
54143686
54644429
55124635
55249614
55514375
55618331
55696326
55953544
56035569
56440325
56467993
56516213
56606705
57289073
57313033
57351630
57797299
57985779
58133516
58144955
58223113
58451813
58474499
58538436
58632235
58894786
59226978
59243440
59496493
59536754
59706591
59911795
59938084
60000873
60135843
60421470
60472999
60640682
60654673
60671198
60818348
60967658
61043549
61095186
61118309
61409584
61429662
61538546
61651114
61834234
62267291
62496672
62749809
62820338
62859238
63151950
63301350
63451621
63469167
63488812
63544176
63582922
63600222
63856001
64066643
64258583
64274198
64350617
64391310
64430777
64467672
64479949
64512329
64534665
64698714
64791312
64848106
64926359
64953313
64970820
65051318
65081238
65140661
65152949
65363912
65377955
65719738
65826569
65874707
66134010
66270500
66311267
66509674
66635123
66926637
67141446
67207170
67684700
67839822
68042423
68317005
68509864
68572890
68582941
68753280
69180001
69320675
69627921
69686123
70296877
70316976
70512861
70677464
70916716
70964336
72701393
73529278
73842685
74209753
74410763
74422809
75136459
75276992
75478167
75545172
75659062
99710
126223
210671
737276
944946
1184654
1218477
1329275
1410710
1441225
1460380
1661988
1685242
1797647
2070355
2167130
2271198
2282996
2317783
2545854
2644774
2971562
3112477
3330319
3514693
3731501
3772243
4330907
4432439
4589543
4937668
4982899
5114029
5239845
5330531
5392978
5430180
5446748
5775435
5882250
6155402
6238919
6251381
6267799
6367017
7081076
7181806
7569112
7586716
7758291
7948805
7972053
8193971
8257931
8565539
8652879
8855238
8874560
8926745
9392134
9488301
9530057
9993571
10008074
10019950
10441229
10611337
11344627
11398228
11500121
11601200
11789941
11851779
11955018
12121432
12159520
12273245
12387994
12424222
12472011
12482152
12530086
12663323
12804390
12833237
12882460
13090855
13142792
13221069
13403208
13507501
13582519
13788130
13798645
14001259
14201939
14475461
14576685
14797397
14848800
14892855
15100323
15215900
15298833
15325391
15405441
15430810
15580803
15735193
15933002
15976406
16169119
16341327
16596702
16786250
17096133
17218979
17637882
17683209
17695557
17708683
17903985
18312896
18419214
18441181
18974747
19114985
19151519
19181205
19448339
19560334
19656673
20042189
20169673
20354112
20377866
21013791
21535510
21644010
21815406
21836604
21860605
21878538
21889640
22376205
22808546
22863280
22954091
23100711
23186671
23612925
23804606
24396966
25547306
25871331
26010053
26046008
26549912
28572081
29233195
29775229
30096867
30408153
31751528
32550899
32779064
32868181
32981977
33048817
33332571
34151104
34168204
34247230
34353847
34606731
34710135
34728563
34851288
35013624
35339353
35659152
35819893
35895099
36065474
36361597
36454370
36638381
36917101
37362115
37408247
37427935
37583533
37658500
37748200
37800879
38125629
38458885
38746492
38795297
38808740
38971039
39339616
39457291
39508941
39679033
39777966
39846501
39934787
40137005
40630448
40922575
40988853
41022075
41151477
41232573
41250811
41286633
41328058
41565799
43085698
43169426
43211330
43525547
43548061
43558607
43650002
43678515
43712607
43976104
43993121
44052751
44087777
44340706
44400743
44457682
44818544
45004972
45532860
45608338
45623999
45663123
46333472
46487571
46901963
47212527
47401692
47556151
47658376
47690683
47705815
47755626
47841348
47859829
48350227
48370403
48475224
48501311
50292817
50335333
50500424
50618694
50803776
50822375
930383
944319
1615706
1976174
2256420
2548723
2631407
2732900
2885220
2905895
2906021
2965535
3059801
3080729
3144729
3359683
3404821
3543132
3796757
3900106
4018845
4219066
4313214
4347967
4387688
4463468
4483800
4565481
4618940
4731690
4784688
4828569
4933872
5029517
5132518
5154168
5352144
5595744
5652822
5779220
5921687
6217892
6453985
6806987
7012537
7246807
7281753
7320154
7367071
7390515
7410892
7528317
7752732
7827553
7845327
7915998
8015757
8207149
8289672
8345659
8389901
8403971
8440204
8507055
8606147
8677574
8690300
8911460
9128855
9148298
9271850
9628511
9706439
10072790
10131909
10260559
10290891
10313793
10353866
10491421
10807725
11123494
11266963
11330126
11877831
11945822
11981279
12232934
12896756
13057567
13093838
13368647
13567222
13912161
13964767
13979843
14309569
14334056
14701439
14816456
14849100
14856816
15138083
15286100
15401720
15701320
15747050
15899709
15951251
16047344
17205956
17797814
17869081
18311475
19740242
19772624
20026580
20174617
20468489
20605048
21009252
22199888
22221527
22490648
22605181
22649485
22849185
22868546
22957177
23211641
23500832
23541842
23560600
23863905
24814372
24862299
24950078
25108029
25124850
25369170
25539501
25657524
25803101
26110788
26136942
26217637
26396439
26493052
26688562
26747133
26959208
27179901
27325400
27417452
27431502
27477081
27500146
27867172
28085195
29520022
29867854
29942729
30429245
30574498
30729375
30771942
31197399
31288712
31434070
31546918
31672062
31712268
31852860
32305380
32337038
32464783
32523277
32781483
32859036
32937355
33084409
33432848
33475889
33591773
33630923
33897109
34011364
34068779
34556835
34670467
35010809
35151303
35337804
35428094
35673862
35752351
35800789
35839759
35892715
35906420
36263452
36542456
36679381
36941052
37101557
37393546
37453767
37534783
37547055
37569589
37589465
37668291
37725165
37836052
37948087
38053380
38065127
38177162
38390333
38453674
38727524
39028960
39367090
39473702
39960402
40438048
40652164
41037115
41422301
41916243
42042231
42264390
42337012
42498529
42962258
42978319
43376608
43899490
44042568
44462858
44567404
44595118
44703023
44792261
44949647
45139524
45423625
45439028
45454587
45630363
45734749
45796689
45994729
46392636
46410511
46477898
46486512
47221137
47285192
47400028
47603306
47712874
48497596
48567112
48639591
49222642
49266188
49364834
49607886
49728836
49978204
50084201
50098738
50249379
22778
337385
365035
526421
1005399
1272546
1729868
2084402
2447048
2637278
2812705
2829620
3641188
3785101
4060904
4087886
4244652
4265059
4653084
4681695
5284304
5353739
5460717
5503106
5583715
5892093
5986273
6248884
6304750
6357724
6377941
6443813
6464426
6492498
6947922
7431722
7468670
7579416
7638137
7970114
8000261
8120884
8154238
8273900
8418520
8611791
8985711
9122139
9199191
9570041
9854900
9998593
10086941
10151255
10696133
10774342
11252387
11305912
11336707
11401178
11465385
11616322
11657895
11725169
11756177
11860504
11917871
12076336
12221894
12419064
12707922
12947918
13042122
14059318
14154108
14329839
14571270
14710871
14739688
14783896
14858473
15152243
15787142
16378473
16515279
16719852
16879319
17180580
18097159
18981583
19018696
19567637
19778635
19828669
20024321
20270793
20286764
20361962
20495037
20741184
20810040
20897289
20917901
21456010
22001586
22009510
22965132
23144578
23225170
23582490
23724950
23897850
23930962
23966424
24746025
24969126
25101646
25192145
25232882
25264824
25306726
26308679
26387722
26591510
26710016
26937153
26983265
27056832
27219345
27240785
27252149
27333145
27503534
27578881
27709369
27827588
27859169
28101222
28723835
28832952
29139582
29156014
29280506
29368982
29547809
29569021
30028262
30239152
30503021
30722442
30786910
30867030
30888224
30935996
31198378
31208474
31311893
31450352
31738804
31773579
31787804
31810616
31944425
31956610
32111320
32126611
32184751
32324033
32663149
32704996
33106638
33147258
33306501
33411273
34006883
34050098
34202548
34417114
34675808
34804925
34840497
34967403
34994293
35389879
35659379
35815337
36212489
36240281
36657660
36670151
36704986
36811015
36844311
36883503
36902241
37066347
37260018
37655374
37920825
38424603
38486569
38604033
38653019
38769302
38862347
39145271
39310064
39753050
39763491
39839095
39907820
40009779
40040464
40273534
40335157
40349080
40413132
40440325
40451075
40681590
40760476
40856518
40938698
41054492
41079033
41236041
41533390
42219690
42252927
42422672
42733618
43102316
43149388
43186924
43231856
43242715
43406945
43878489
44147789
44332305
44384572
44586997
44742729
44804877
44855500
44907476
45397982
45421158
46321285
46409632
46875506
127955
190226
255999
275204
452351
548258
558814
580895
697051
849711
955258
1027519
1237978
1374660
1436309
1529944
1707334
1764853
2555624
2837743
3457001
3699283
3728108
4084672
4188002
4344671
4401802
4451366
4544898
4611673
4695627
4733077
4853892
5382392
5568857
5738641
5899708
6094584
6608849
7049166
7118920
7217607
7337889
7726093
7750893
7874391
7892195
7919031
8096801
8410391
8434974
8657468
8899711
9370756
9431697
10051629
10210837
10273934
10330704
10425137
10601321
10762146
10901626
11104568
11421749
11448258
11524823
12097306
12111100
12276321
12379937
12886286
12996696
13015380
13164275
13521070
13539019
14584443
14879330
14947850
15325008
15643365
15791397
15813851
15908261
15949695
17622604
18371642
18448073
18623577
18938732
19447635
19591132
19642543
19671132
19772167
20093020
20241430
20351054
20517608
20713595
20820356
20865286
20881571
20909740
21108461
21119963
21469383
21523106
21771609
21798376
21897604
22131532
22238364
22251893
22308999
22420255
22445430
22611170
22926579
22946963
23005250
23140899
23217463
23287783
23537169
23596281
23635734
23679664
24123483
24135367
24320982
24375359
24454007
24490190
24815483
25060695
25117658
25277722
25357666
25548504
25593477
25681136
25824740
25968805
26169135
26626992
26740775
27159623
27187566
27252268
27290406
27822371
27995236
28047701
28272085
28439183
28477546
28501298
28622658
28671161
28761599
28802982
29111401
29155233
29755626
29886432
29928358
29975087
30076128
30855199
30872101
30891664
30947680
31593123
31628205
31645499
31977793
32320209
32548516
32658377
32707600
32823256
32896885
32938892
33240410
33375548
33422823
33576252
33657821
33690001
33742760
33757545
33771402
33839722
33869726
34174578
34225684
34276634
34346895
34548743
34612090
34733881
34758625
35064244
35537792
35602013
35702804
35794617
35855530
35913214
36229997
36372765
36791215
36971319
37238875
37417369
37430960
37620772
37694552
37744813
37789850
38025744
38036273
38101418
38271846
38519015
38632635
38658189
38843670
38946576
39014024
39073188
39236452
39258507
39436480
39626604
39857014
40223963
40273178
40456218
40501829
40644484
40883425
40918311
41103627
41454705
41469467
41492631
41662263
41917415
41939765
41964720
41997437
42070851
42222877
42242632
42297047
42311270
42346681
42502495
42649990
42674465
42956594
43102873
43325358
43507382
43855255
43886004
44041083
44057746
44208656
44336456
44414917
44555848
44587321
44771729
44926079
45154268
45194247
45235528
45308194
45322551
45370091
45456278
45659960
381536
663267
694970
749949
788053
1038946
1194816
1659205
1790797
1851379
1851590
1975363
2044877
2137050
2241757
2266913
2286430
2412180
2571540
2616638
2749956
2769554
3129366
3165809
3554741
3676842
3704039
3773797
3867179
4278348
4576822
4946522
4995866
5285606
5335321
5439896
5540196
5576970
5653411
5817465
5984131
6038351
6296937
6490613
6698949
7083766
7192303
7658758
7727700
7786036
8358127
8681529
8948559
10051351
10340600
10399683
10449863
10602545
10793324
12961234
13394695
13481762
13825392
13968469
13987265
14010819
14091184
14261757
14573716
14614758
14899028
15178141
15217876
15318603
15332232
15641293
15689664
15732639
15839573
15969194
16141678
16282292
16436707
16726875
16884360
16930577
16993346
17091343
17391345
17511027
17689085
17977672
18081830
18459412
18819064
18846674
19023104
19038486
19127510
19220844
19411245
19483337
19502667
19661105
19746118
19859547
20055663
20072118
20192890
20267607
20322837
20419271
20519939
20637928
20645274
21007662
21050122
21081973
21395863
21621114
21909807
21921860
21955122
22205032
22363272
22417604
22435962
22475808
22850521
23410911
24007316
24262735
24359913
24600135
24629318
24809614
25356746
25425986
25491732
25843117
25998470
26376916
26393308
26419102
26523088
26752967
26947754
26995969
27122769
27170665
27212628
27445472
27457548
28082835
28346341
28373059
28641528
28772271
29311617
29338472
29724073
29956941
30212560
30395192
30580626
30683652
30787756
31001029
31051311
31154066
31548192
31896249
32321354
32356281
32468893
32638830
32940994
32974401
33039499
33111976
33518459
33542630
33666968
33694407
33867089
34299757
34371409
34381673
34456730
34486972
34664316
34843983
34981651
35256271
35331017
35398130
35420733
35546179
35631779
35645981
35835893
35938248
36016559
36303644
36419928
36524151
36624652
36664852
36978753
37233886
37427610
37485753
37530625
37541863
37691548
38021969
38079336
38137609
38428309
38540819
38634568
38717887
38906076
38942069
39423574
39436914
39496495
39552481
40069099
40130382
40339380
40360773
40375591
40400321
40422745
40783201
40856314
40873084
40979489
41261942
41495566
41582885
41649401
41686719
41735518
41898907
43997900
44294405
44323895
44506387
44652958
44975445
44990886
23904
375754
413293
424035
636692
911747
931232
992754
1273628
1372569
1391208
1587754
2298484
2317391
2369872
2595796
2641626
2694393
2750992
2812091
2840195
2946415
3013321
3268672
3516872
4231196
4251314
4308093
4529651
4572239
4811886
4967853
5192271
5736438
5776690
6075653
6251176
6262272
6332063
6334861
6388882
6410647
6423336
6612881
6678492
6709929
6771776
6932017
7084263
7233100
7313755
7630190
7816505
7916030
8060792
8084603
8391188
8764947
8800472
9011415
9301960
9405690
9436209
9545687
9731030
9865012
9894430
10773418
10971417
11262019
11946660
12151093
12170614
12246932
12600308
13561148
13701131
14008830
14071031
14119260
14375563
14712106
14938269
15716334
16237686
17023160
17193971
17698585
17904385
17962732
18441065
18464416
18567868
18655664
18824614
18867232
19142858
19162862
19335036
19502832
19720562
19973267
20292718
20378895
20428938
20511916
20822849
21346296
21363139
21392067
21526407
22040610
22170001
22341078
22379170
22956639
23238250
23305639
23408771
23435951
23550665
23641768
23716877
23756599
23869462
24114730
24630770
25254318
25288115
25306724
25889639
26047225
26061252
26454752
26651106
26976752
27065630
27315137
27451051
27677138
27787779
28166958
28589892
28744668
28823417
28909255
29204982
29257074
29398979
29969514
30368847
30488994
30516211
30814547
30911276
30953542
31320331
31431711
31727069
31781861
32081124
32258359
32479317
32940285
33066463
33085896
33189264
33573886
33679634
33737982
34047768
34178319
34197644
34232974
34312993
34333801
34349186
34417145
34441721
34504594
34557719
34821880
34892441
34930819
34949169
35004630
35077129
35128360
35303522
35569448
35609474
35756427
35766515
35811297
36012385
36040088
36179260
36230248
36333830
36542906
36757169
36810906
36928681
36970269
37122677
37158465
37308735
37404066
37447380
37592274
37897581
37933426
38375677
38404779
38454974
38609764
38628402
38734187
38767983
38886225
38983745
39140061
39233537
39311177
39348153
39821318
39866708
40176065
40199383
40214623
40285736
40321759
40337474
40364417
40725691
40778882
40808985
40830302
40848480
40921283
41326580
41453015
41523127
41691100
41904620
41972049
42139038
42289325
42448294
42488169
42544563
42672029
42857629
43059241
43158696
43175836
44039914
44290520
44447138
44634763
44783444
44830775
599
118975
148905
333346
415585
775401
891565
1104704
1309339
1559425
1656634
1815670
1886742
1991694
2066058
2170501
2219377
2238337
2274261
2317997
2383642
3041102
3144651
3590996
3644421
3665026
3878872
3895908
4321572
4391079
4490056
4593549
4620578
4903856
4954562
5110113
5264801
5625694
5821928
6286004
6370600
6642067
6684369
6698530
6900148
6977812
7096018
7184665
7410551
7520929
7547160
7574827
7683296
7738203
7797672
7970415
8320992
8600258
8638476
8985929
9286335
9336432
9783612
9873645
9960464
10125906
10144079
10242225
10290435
10714191
11015578
11108128
11151841
11260389
11271230
11409854
11747279
11815332
11897162
11932263
12108448
12145691
12166742
12310209
12340310
12558443
12605994
12690884
12795661
12877504
13386427
13560678
13647200
13714337
13905557
14079120
14445754
14681401
14883851
15064509
15092234
15125817
15323137
15442608
15465659
15812925
15919795
16244671
16255222
16418405
16533704
16752177
16796560
16893706
17259804
17296664
17558691
17631685
17737621
17794461
17902351
17939422
18129940
18146126
18219398
18353044
19032606
19235632
19607612
20184626
20476789
20653407
20995013
21118194
21252327
21396362
21444117
21761660
21842565
21875201
22173062
22351221
22422158
22450714
22538185
22658553
22982425
23091010
23100234
23354740
23382327
23539473
23780034
23902123
23941616
24057522
24087922
24489692
24951781
24973121
25004459
25261791
25326998
25395265
25455053
25592946
25888795
26068258
26212160
26372374
26483927
26543748
27302019
27386783
27440740
27499950
27525737
27674139
27708334
27810430
27828053
27871820
27954420
28158421
28413708
28443978
28769868
28782226
28825328
28840021
28937834
29265192
29329047
29553385
29578208
29620582
29688085
29703448
30063147
30279650
30343016
30441269
31116637
31129638
31580491
31907647
31923894
32075684
32266867
32402670
33136820
33182949
34295109
34847953
34871989
34942632
35398318
35849520
35865069
36111941
36205960
36393695
36440161
36514739
36842101
37010881
37074177
37494739
37627135
38253840
38428369
38638473
39398118
39415644
39427845
39669044
39718139
39836571
39918188
40202295
40392093
40842912
40863863
40977909
41139242
41373564
43541969
43791395
44139694
44434789
44838678
44884935
44965237
44999558
139556
556804
568319
685223
748123
758708
1005714
1016237
1408815
1469580
1628957
1869287
2617235
3330411
3434702
3583196
3596879
3819880
3979448
4105253
4129394
4152051
4301107
4338907
4459455
4824144
4966411
5366147
5415097
5532066
5787210
5809166
5961698
6873320
7086452
7414139
7570244
7584011
7814847
7854194
8506217
8743043
8851248
8877521
8895300
8925889
8952304
8988351
9180013
9205144
9219449
9419945
9529159
10355185
10527147
10621840
10829149
11276408
11639885
11919337
12113679
12194638
12267286
12353375
12414141
12498199
13070240
13286579
13400363
13500911
14497904
14528176
14766023
15746751
16614362
16646653
17080981
17667388
17729007
20193207
20323078
20368232
20906289
21051599
21098601
21462064
22042495
22059598
22126855
22834720
22957390
23064169
23082426
23127441
23714222
23861091
24107517
24143257
24331850
24353937
24448612
24479571
24648595
24794355
24909327
25267147
25697509
25714796
25768465
26368930
26441864
26731123
26922139
26936900
27425228
27470211
27552659
27682914
27978555
28005837
28038114
28335284
28569193
28917407
28951500
29008271
29044761
29088452
29204346
29396601
29668532
29704144
29984422
30046597
30134488
30334989
30364780
30418099
30498576
31023155
31088203
31145800
31225484
31420326
31451196
31454987
31502009
31517955
31640839
31713611
31930716
31956259
32039672
32242772
32273226
32454670
32743847
32758243
32773869
32877003
32944915
33305452
33446746
33482376
33586983
33897409
33935858
34084237
34652828
34863936
35103806
35290530
35371976
35576018
35638556
35858260
35930585
36497300
36518174
36549702
36560067
36609010
36785109
37246925
37700730
37790556
37889914
38048604
38083727
38099275
38255247
38518402
38545851
38902771
38988950
39122247
39216530
39438745
39657523
40020680
40049182
40079106
40186917
40250153
40394988
40417692
40436402
41316188
41695269
41710810
41743409
41794503
41858022
41876201
41932262
41979649
42598074
42631880
42781548
42899521
43189159
43213124
43386726
43432214
43485599
43574175
43587563
43720754
43914366
43952306
43977085
44034576
44184556
44374611
44411509
44576514
44629541
126823
517242
993676
1066124
1090345
1296789
1499617
1524498
1872670
1911164
2416003
2428576
2494492
2509095
2554960
2635460
2672144
2807077
3219559
3349326
3379627
3688292
3799070
4021836
4450373
4626139
4658222
4781165
4817451
5044726
5269862
5521329
5650022
5932762
6138497
6252003
6500790
6540288
6606504
6686857
7652165
7961511
8073799
8270615
8405395
8612034
8749635
8988607
9306642
9368866
9476793
9562783
9757071
10059359
10135082
10364528
12541679
12605094
12679177
12880257
12905586
13044564
13069603
13235685
13425439
13754574
13766488
13970615
13992035
14328846
14484365
14501612
14573695
14647131
14701638
14922935
15199486
15380873
15567665
15730483
16079569
16221484
16337740
16355996
16540614
16651488
16693212
16710012
16754925
16898425
16924374
17033752
17129216
17176742
17350275
17556502
17567053
17896286
17930396
18023610
18075240
18122631
18319585
18640157
18821746
18915428
18927901
19114285
19143348
19362211
19499264
19510514
19756777
19907460
20065965
20334679
20368155
20530507
20680582
20898591
21115737
21129090
21380320
21391435
21408973
21432240
21532827
21707025
21849671
21889904
21960242
22016367
22076381
22518961
22625981
22685747
23041118
23202222
23757635
23906085
23978877
24169748
24325333
24523072
24840042
24943865
25010025
25216061
25466701
25493272
25804208
25880775
25907764
25939474
26114864
26298513
26712773
26779931
26849411
26957292
27040276
27241078
27332956
27684391
27716110
27727222
27826492
27872251
27979359
28246259
28286332
28352595
28364062
28799832
28918017
29138236
29338622
29391489
29663125
29710279
29932288
29970431
30083894
30123714
30160937
30198287
30259028
30281586
30396170
30509781
31257611
31561811
31677153
31823060
31855727
32233016
32288289
32459809
32529143
32681916
32795553
32898145
33378041
33446903
33568994
33739320
33867475
34569459
34662185
34842436
35103796
35195061
35380070
35548791
35582506
36044656
36118404
36160984
36176298
36197493
36223645
36422948
36702351
36965152
37014773
37540936
37740181
37816468
38056603
38284383
38565147
38694308
38725670
39281865
39499763
39616431
39738059
39876587
39954168
40084389
40181222
40207886
40237932
40787948
41089799
41165713
41417531
41771811
41808972
41821377
41864866
41946470
41989859
42806821
43018928
43530612
43680062
43802888
43851856
44171231
44184750
44284717
260380
663556
741029
775130
1286462
1347472
1515655
1945918
2014702
2269578
2680673
2923361
3024733
3285119
3500687
3622249
3687870
3698040
3831330
3871113
3901089
3976175
4196188
4302523
4523018
4731046
4788553
4921768
5043530
5088111
5199659
5250119
5363329
5488164
5554314
5684203
5749926
5770065
5894763
6069085
6280063
6297730
6727684
6953044
7228716
7256763
7341074
7371793
7422119
7499773
7672019
7712126
7867238
8134842
8211774
8295083
8372957
8429489
8626584
8648149
8851712
8870914
8882869
8918443
9476531
9561291
9648877
9668401
9683379
9809336
9980852
10293830
10503892
10825507
11263581
11545377
11579457
11669799
11864808
11979893
12485234
12684859
12855432
13115121
13427117
13595206
13616107
13859092
13898329
14032355
14071157
14098310
14198512
14232314
14363296
14493525
14545777
14618460
14863153
15048230
15414242
15600283
15811671
15953309
16101347
16515118
16602397
17161123
17284308
17360466
17525501
17590121
17887501
18044959
18113994
18125900
18327903
18372609
18525392
18541244
18567467
18693115
18742538
18817629
19138805
19470494
19503992
19586207
20087982
20202825
20263467
20392258
20584033
20629081
20647344
20733990
21023800
21175408
21195217
21249166
21398801
21412882
21649804
21664695
21710508
21724216
21986353
22014684
22253711
22441710
22521360
22678034
22823897
23101377
23246029
23548422
23572572
23596336
23799778
23841050
23874651
23935414
24071639
24108840
24126398
24334618
24490949
24697924
24798105
24885926
25422139
25508006
25767111
25800507
25970640
26147027
26170337
26321327
26514069
26586251
26750539
26764238
26810480
26898102
27163096
27186706
27234845
27318926
27339796
27360914
27451754
27478081
27521052
27540408
27581135
27753690
27944131
28054195
28191986
28312653
28371836
28468495
28622817
28650831
28844307
28879409
29025425
29108585
29231094
29264934
29341075
29537827
29780735
29911813
29995119
30057526
30331030
30345348
30481556
30557974
31049595
31129573
31338746
32420039
32751839
33200359
33298181
33413972
33567010
33719670
33743769
33920081
33946090
34016395
34042706
34138093
34192908
34622247
34686466
34881685
35532193
35586243
35726973
35748992
35999794
36030795
36141029
36181233
36241645
36358273
36587468
36905192
37035102
37351496
37490882
37503482
37532486
37592013
37636547
37919934
38085232
38111625
38348949
38409900
38546662
38591132
38607198
39136573
39159962
39232335
39360421
39558201
39655702
40078432
40322419
40766252
40823130
40836141
40925744
41081894
41180259
41617736
41752366
41776224
41891049
42155918
42381007
42429009
42565170
42669406
42839202
42868462
42995354
43146425
43236832
43397845
43472254
43503553
43573264
43600109
43769594
44037165
876775
970793
1158219
1592936
1740090
1799070
1929430
2070900
2104275
2129657
2152794
2640009
2747115
2780352
2800590
2850784
2936129
3170913
3252242
3467883
3478786
3833466
4652161
4798585
4925752
5182530
5208211
5257950
5367142
5765211
6111212
6355963
6546388
6610149
6614558
7049501
7202258
8255908
8585065
8815453
9334901
9362094
9522514
9636285
10719817
10847076
11054309
11879340
11932874
11955193
11976202
12001358
12025535
12050058
12101395
12175581
12242776
12255890
12299446
12364544
12432598
12454428
12468906
12540553
12861635
13038260
13048711
13250394
13278810
13431909
13467248
13604278
13746293
13817745
13992982
14043812
14119353
14311026
14378996
14445715
14526888
14573973
14807212
14908733
15142329
15197380
15357394
15431618
15815281
15955238
16130981
16524974
16554385
16648756
16862642
16874792
17069676
17363386
17462473
17476622
17784190
18065614
19038695
19292050
20462376
20527393
20634458
20951233
20979251
21346978
21392829
21652848
21718087
22095940
22176542
22278191
22335389
22591525
22786183
22797879
22847888
22991583
23237240
23490876
23640631
23807747
23825107
24107027
24201403
24741297
24817311
26187607
26288303
26330531
26359283
26573075
26675363
26839906
26892931
26993448
27006656
27019884
27230636
27369298
27860088
28011441
28371439
28508071
28696967
29056949
29412313
29871074
29990468
30235573
30372150
31043846
31098296
31164082
31343836
31374102
31466856
31803979
31912163
32031297
32503692
32720161
32755343
32885226
33040473
33113973
33437737
33643913
33672461
33767941
33883338
34449937
34940449
35158510
35328346
35598689
36401621
36643670
37032224
37043739
37098182
38101371
38484006
38944054
39191706
39378156
39542999
39648617
39668570
39692594
39919052
39932452
43957595
44055120
45002742
45251650
45276555
45779716
46053167
46338302
46545365
46599527
46810515
46953827
47045001
47121737
47318063
47468396
47530888
47560464
47641754
47677631
47765065
47811372
48136495
48587172
48771158
48969805
49050413
49140330
49230584
49275343
49460079
49540565
49601080
49720455
49792858
49802961
50150942
50167490
50200050
50382455
50732819
51152480
51259998
51332090
51579646
51598071
51740605
52145498
52363536
52578534
52839834
53396728
53732558
53770925
53809263
54140669
54220878
54469278
55334559
55763600
56105087
56127988
56150018
57135296
57570527
57936911
58001016
58064262
58280979
58440945
58452199
58590081
58688528
58949146
58994626
59031088
59196594
59208509
59264792
59305925
59655939
59848999
60068523
60130305
60378487
60428103
60510073
60526548
60576562
60765677
60807189
60821731
60903524
61037277
61401698
61836741
61891961
62235419
62325296
62873945
62963671
63084868
63173746
63474760
63592282
64396906
64567008
64654569
64715716
64859625
65154431
65181332
65330429
65612063
65939132
66213073
66291271
66497189
67682597
67885526
67918454
68086380
68245614
68261123
68482592
68885688
68949761
69216109
69233405
69253717
69337830
69390745
69435793
69449650
69489725
69579449
69594433
69809586
69897325
69985530
251457
290377
324731
469017
586904
622608
637479
834110
912991
968278
1029174
1054166
1167891
1208437
1228161
1281351
1333709
1379903
1435490
1538649
1575595
1900717
1912441
1923743
2865088
2968913
3161564
3216696
3262100
3384166
3803732
3927394
4137252
4226542
4868446
5070554
6649764
6875478
6913498
7005597
7248807
7765431
7888735
9027265
10796566
10847138
13355917
14406530
14507603
14639048
14748961
15102046
15124490
15186053
15767797
16555331
16597373
16912450
16977427
17734526
19013533
19155399
19320141
19423486
19443684
19511342
19619354
20361315
20433550
20549720
21684326
21798327
22038847
22366112
22431069
22877715
22910541
23173187
23220044
23233376
23308754
23438771
23727920
24082696
24210560
24466974
24868073
25252736
25275010
25683104
25894675
26113957
26190084
26594896
26621959
26641886
26751613
26889906
27005134
27043023
27105689
27131092
27165569
27300946
27342064
27394845
27581232
27604629
27954097
27979302
28065391
28132618
28200044
28360214
28759311
28816747
28898262
28927835
28970397
29063171
29282190
29465097
29528209
29843080
30066574
30088740
30272957
30414957
30601028
31093645
31265345
31705030
32105848
32134950
32257843
32611746
32735393
32998342
33830942
33990830
34339089
34363943
34423103
34665452
34766065
34790024
35086838
35128961
35180784
35196961
35397486
35745452
36419146
36548251
36692762
36756798
37108219
37313135
37483832
37566561
37713675
37798036
38148858
38180040
38199642
38346266
38510817
38584676
38658814
39198040
39334618
39402204
39615586
40151959
40561356
40602861
40656020
40727979
40958136
40982587
40998200
41077920
41227787
41327804
41847863
41881687
41938593
42000623
42089465
42370080
121106
567895
725294
870609
1003479
1028854
1357087
1428154
1566493
1847727
2073511
2697223
2782120
2816198
3129176
3172756
3339473
3579436
3707885
3718579
3845020
3860380
4377017
4841563
4852987
4880668
5100869
5142789
5700707
5716604
5749168
5780570
6175402
6355067
6578507
6877047
7032842
7304311
7335072
8010439
8236700
8248462
8270869
8308359
8877998
9027195
9085977
9109660
9123538
9249339
9274776
9414787
9448625
9657746
10091183
10125986
10360275
10595098
10649465
10766574
10884062
11135913
11423923
11650006
11737479
11785632
12759175
13119179
13366434
13745324
13878976
13931608
14231021
14302425
14545090
14643522
14698325
14763154
15056267
15118773
15240036
15301141
15369910
15901258
16064478
16251971
16467310
16651660
16737024
16891281
16913895
16962746
17010052
17200891
17515941
17818096
18113827
18193671
18307298
18382238
18432077
18491486
18574344
18605508
18719816
18749648
18787295
19060329
19212576
19586712
19646436
19841268
19904812
19981919
20037120
20317278
20375612
20606429
20725349
20909177
20995523
21129098
21154151
21776832
21862536
21902160
21986153
22025735
22054310
22244384
22314273
22358712
22403146
22436620
22472936
22630852
22656645
22669942
23106274
23189310
23220593
23248949
23369588
23474837
23500445
23668683
23764724
24092591
24114460
24146524
24267725
24306125
24385722
24911072
26120755
26222135
26407951
26895544
27077793
27180210
27290975
27418147
27603699
27697466
27834931
27991360
28065812
28194802
28433689
28613239
28632772
28678479
28732734
28893524
28949643
28975074
29460062
29491528
29815439
30025825
30545361
30690190
30716739
30785457
31125249
31318313
31443932
32082668
32178558
32197847
32208323
32430441
32471976
32906807
33176670
33474486
33647797
34043652
34526442
34710507
34915958
35077718
35120397
35425961
35661960
36339007
36505030
36540637
36596985
36867340
36947267
37678827
37998763
38407164
38618595
39338407
39384123
39548125
39697794
39716102
39955944
40048542
40087573
40258470
40382025
40641579
40663642
40862314
185345
336847
996545
1631649
1698929
1785915
2121350
2549381
2856993
3136733
3287455
3572818
4326725
6328162
6443955
6463712
7180040
7264406
7358438
7402935
7506442
7677804
7698981
7777051
8921370
8963737
8975178
8995132
9299893
9370852
9470029
9558733
9862412
10021911
10134269
10188379
10202641
10215463
10256985
10273666
10298086
10413818
10463085
10622303
10852224
10907057
10948697
11126144
11169975
11180229
11199133
11532411
11735381
11792976
11843652
11917239
12630570
12957804
13278794
13385064
13506011
13631806
13729476
14766551
14938057
15105346
15427475
16150905
16208823
16726571
16868176
17439994
17524689
17617570
17672664
17811788
18162104
18206882
18349984
18368327
18402915
18420562
18642108
18682412
18764663
18845256
19197462
19225718
19400808
19435822
19448001
19481097
20109226
20187745
20231315
20320900
20354866
20458990
20832803
21052772
21282324
21369068
21739020
21913162
22147852
22472390
22638274
23104772
23197456
23312452
23464982
23567708
23916527
23936755
23974258
24257215
24406545
24540564
24740653
24848547
25169240
25281635
25680418
25820266
26395683
26611769
26755070
26852879
27172443
27463061
27773016
27849752
27968030
28064505
28090376
28154979
28172922
28584097
28667468
28703147
28947916
29101810
29502059
29660949
29674051
29784199
30181231
30277173
30670660
30880337
30981194
31003030
31389422
31437039
31569357
31645308
31817886
31905276
31950146
31993994
32196044
32670351
32869194
32885764
32997797
33103619
33120564
33283430
33312934
33508109
33818232
33898099
33924360
34021559
34050074
34079211
34397543
34445563
35100286
35169576
35258172
35488307
35565590
35881679
35991156
36060908
36113478
36156136
36622977
36741055
36985717
37062958
37091129
37123199
37170697
37373065
37463561
37517834
37615314
37661020
37746800
37763185
38080473
38541748
38696024
38777108
39007133
39126267
39153587
39270154
39296522
39471970
39556770
39641720
39680007
39792982
39831123
40126856
40153147
40789346
40822573
40850537
40907891
10803
417794
591529
887744
975455
1143666
1256698
1969790
2004503
2076510
2090738
2129538
2215973
2249674
2516506
2558461
2578365
2607486
2621562
2643664
2793114
3126426
3232660
3264837
3282775
3309998
3590412
3613939
4408240
4494230
4589563
4701043
4806821
4862727
5066781
5474802
5540790
5594624
5658695
5672173
5767350
5788223
5830152
6116417
6197845
6236938
6276563
6321364
6527032
6631411
6875986
6940191
6987963
7086586
7144774
7324394
7417030
7487890
7876616
7941084
7979459
8063062
8381204
8443897
8463208
8600260
8620199
8846190
9021411
9376833
9436233
9565334
9576632
9686116
9816153
9906613
9920128
10056411
10171639
10184258
10227179
10259626
10300286
10815065
10874648
11122432
11133664
11178230
11311405
11337432
11373191
11436892
11811743
11830244
11882876
11910547
11978168
11995466
12149275
12259616
12380396
12453502
12526136
12579335
12695678
12904838
13014218
13042374
13221759
13506344
13814402
14372061
14432678
14767428
15223173
15498476
15608593
15772981
15799927
15841199
16032528
16079093
16175487
16606935
16708587
16769123
16878642
16976128
17141505
17360510
17417578
17461693
17517444
17715691
17836447
17976404
18017079
18738656
18900234
19173436
20098785
20113700
20297133
20380057
20473346
20971531
21103181
21145676
23631129
23809473
23918592
24127341
24677839
25196467
25468860
25605158
25746807
26214738
26239826
26380534
26430669
26494277
26588403
26642276
27212178
27283618
28021994
28136619
28440814
28468358
28686582
29000727
29016940
29060041
29081297
29301597
29358044
29399427
29875178
30135379
30214338
30529877
30560337
30582017
30840068
30874810
31074590
31439775
32301631
32449520
32546537
32582957
32645509
33006404
33084997
33396612
33462276
33700585
33731469
34301450
34921027
35105835
35118578
35160613
35696905
36761316
36933669
37321633
37978716
38013350
98723
115067
253463
395311
419111
514738
593424
799126
837145
910354
1081819
1267534
1413263
1427237
1527840
1900044
1910971
1952182
2112704
2141164
2187257
2441915
2493272
2523226
2748933
2940917
3045175
3450362
3478342
3576279
3596649
3779022
4025941
4049221
4348857
4362293
4373315
4398328
4446584
4540621
4655200
4713446
4976932
5175373
5263522
5412691
5452242
5492720
5519718
5533918
5557565
5568470
5663355
5709626
5744485
5914785
6055313
6347715
6402040
6702046
6882093
7157641
7260464
7422641
7606610
7686699
7708314
7999600
8043377
8181675
8246682
8281786
8613299
8828351
8855485
8891563
8972582
9073843
9229757
9364021
9541483
9553541
9839189
10080477
10517588
10680879
11014073
11226509
11383389
11397839
11423262
11485213
11639642
11716227
11836403
11864919
12561040
12787719
12917884
13160892
13179318
13229582
13271424
13295264
13494763
13873242
14021799
14332484
14878408
14902357
15007983
15372538
15385152
15505846
15548411
15840205
16580472
16612447
16861054
16952785
16963224
17049508
17188708
17405164
17539211
17560289
17714578
17780491
17828215
17905232
17965255
18072401
18091473
18136601
18266441
18406415
18691447
18815496
18976417
19169379
19625354
19829449
19852664
20045967
20073725
20495905
20557620
20592234
20864875
20887052
21430742
21515763
21677727
21719738
22621079
22776789
22847791
22880703
22891146
23078493
23218430
23252769
23363581
23483430
23568139
23616561
23650605
23723765
24075939
24216256
24424838
24830528
24925536
25932295
26136829
26365622
26420024
26894554
26971890
27031463
27062956
27355306
27616329
27731684
27811600
27840835
27893372
28005594
28016840
28038975
28094198
28350910
28740488
29019757
29134645
29165664
29223393
29287591
29343872
29376661
29444561
29505379
29761319
29835118
29890286
30113804
30367239
30645768
30666935
30714089
31015251
31193591
31243850
31386891
31528904
31562395
31896731
32093900
32183626
32205490
32579124
32672655
33129711
33163384
33337937
34097092
34177108
34361563
34407295
34443083
34613109
34642766
34829647
34873893
34920234
35131785
35221866
35652236
35833398
35957696
34159
60803
76993
1058223
1105061
1120542
1183425
1223518
1518124
1542436
1578676
1626010
1794469
2151040
2190134
2232316
2301606
2329128
2362784
2405873
2515700
2532978
2655368
2827310
2910635
2992941
3282323
3305616
4106431
4138061
4264163
4460170
4705043
4816456
5067528
5342177
5356313
5445628
6010806
6107136
6130542
6163029
6191426
6263608
6301171
6318934
6342376
6430717
6498632
6509482
6633331
6652555
6710202
6736245
6771593
6839787
6979034
7029423
7060049
7095176
7160247
7325498
7361880
7428864
7446502
7821853
7899499
8152975
8275967
8374917
8541811
8605559
8650565
9011975
9078835
9114990
9153470
9221298
9467900
9605043
9890108
9984994
10157981
10252733
10279417
10421639
10751013
10981699
11508496
11555196
11780771
11888315
11908824
11946311
12056361
12325471
12346165
12495167
12632235
12707272
12991471
13214606
13311476
13323971
13336672
13458729
13590194
13863879
14179161
14229247
14242198
14420589
14518302
14689309
14873225
15030415
15123972
15238021
15268442
15372129
15470718
15538163
15633014
16094242
16678441
16906905
16917198
17179494
17277193
17306460
17714904
17730153
17777847
17788015
17966321
18160178
18321741
18538669
18677424
18689628
19042351
19104869
19121947
19232658
19317702
19813614
19870034
19881552
20444125
20526142
20690906
20780532
20926707
20966809
21268954
21816175
21908067
22037350
22196768
22363840
22401858
22438434
22602021
22790569
22959024
23061117
23168209
23282688
24460817
24667762
24763216
24774395
24844369
24899966
24946130
24978152
25427851
25447020
25706501
25963703
26158201
26267533
26562653
26742600
26826658
26899836
26999311
27046439
27067212
27366389
27418084
27744938
28043390
28075656
28203603
28559381
28696269
28715609
28758550
28924717
29305489
29658764
29739591
30703433
31139657
31185580
31762636
31810051
31913146
31962279
32020078
32067673
32208300
32532204
32559196
32577450
1185603
1780169
1931881
2016335
2732953
3897138
5325293
5578780
5735283
5789385
5866458
5965232
5985011
6584868
6747358
8984067
9048035
9070588
9112911
9603276
9615952
9745400
9827481
9839185
9948883
10703710
11495005
11715902
11884460
12370501
13087239
13160091
13425428
13721661
13963800
14164761
15064566
15115349
15126339
15146029
15490600
15510295
15532653
15562295
16159997
16558363
16613482
16843297
16921956
16968090
17078532
17159661
17325572
17539653
17841525
17860253
17874095
18283545
18342816
18379521
18532143
18591119
18662900
18693398
18758279
18762118
19067313
19102377
19335912
19626808
19749480
19768515
19906869
20062622
20239973
20375392
20441937
20453614
20476816
20596609
21004350
21226303
21269384
21292994
21401201
21491498
21528016
21675576
22300156
22315704
22337277
22390943
22629429
22650689
22888570
23148757
23367788
23422508
23530500
23683885
23853720
23977103
24362202
24620069
25004873
25044032
25707533
25884047
25936533
26047718
26131227
26323380
26380309
26790781
26907677
26925301
27199334
27306975
27397110
27409487
27442401
28027638
28048020
28146243
28165979
28225877
28263332
28760361
28795528
28984242
29060574
29447326
29689853
30295993
30349336
30747104
30771237
31030118
31083644
31432760
31753181
31824010
32082101
32127600
32187621
32873853
32922906
32992808
33062694
33233446
33341444
33467955
33725568
33746125
33768312
33982241
34155481
34253107
34456542
34562116
34690451
34883104
34932507
35527166
35568785
35777398
35823666
35861905
35944815
35975729
36025374
36071679
36152869
36392752
36407972
36639836
36941070
37093193
37216955
37274320
37284338
37632778
37677767
37936164
38065313
38090546
38250316
38334159
38426220
38920044
38939918
39069070
39113324
39131156
39186635
39300625
39664569
39674757
39850490
40383750
40498288
40614034
40732919
40900262
40951390
41053845
41259775
41312772
41538555
41563966
41633377
41652707
41700678
42115814
42168470
42373995
42490869
42798955
43225360
43246143
43415497
43839165
43858488
43890364
44061777
44448371
44466089
44501454
44598552
44659687
44892347
44903884
44989530
45029883
45101991
45170417
45187876
45214421
45389769
45740375
45778733
45827547
45855233
45869023
45916109
45950258
46022407
46042230
46083572
46143378
46215752
46648448
46690143
47190507
47247058
47297476
47310231
47329088
47359917
47466744
47552658
47623680
47680777
47690020
47718446
47853892
48547886
48683438
49194111
49325357
49460734
49499737
49617193
49690976
49707817
49862165
49900916
50047083
50061359
50128354
50233419
50304829
50604974
50647557
50733342
50922038
50965649
51001941
51039833
51140085
51389723
51411576
51572339
51602059
51706129
51935123
52365092
52629874
52826860
52835474
52845941
52910300
53112942
53521216
53552326
53964793
54109233
54468788
54554220
54593159
54845081
54887868
55616953
55710317
55784089
55947112
55963694
56412780
58060392
58761913
58874683
59257559
59324703
60151647
60358347
60510517
61910428
62036755
62727825
62808186
63308428
63682197
64503716
64589183
64826444
65439492
65953449
170342
197310
398053
433982
643314
660746
757090
887418
1034633
1209004
1236558
1411534
1639149
1653740
1753730
1898833
2213958
3003738
3212772
3359247
3460701
3753653
3947182
4018492
4677135
4883025
5258098
5324862
5392874
5575031
5612495
5706846
5731994
5879215
6036037
6087854
6118446
6714740
6744848
6783363
6887073
7050694
7355901
7394968
7417299
7436628
7628592
7670396
7864012
8005480
8060375
8147372
8355403
8660757
8739697
8944517
8975107
9483289
9852052
10164571
10369982
10428414
10668478
10735890
10793819
10891899
10912413
10967703
11095456
11328120
12253069
12328909
12368761
12461935
12663475
12717690
13070044
13388951
13634966
13667504
13743031
13794062
13818801
14059960
14205232
14221991
14271627
14308834
14327171
14367283
14431665
14600782
14618477
14726232
14985781
15181056
15199368
15414069
15490991
15526997
15578575
15597116
16722584
16794063
16945935
17019211
17028016
17686710
17704022
17797244
18014855
18129064
18435417
18657888
18750563
18853151
18942947
18978651
19018809
19185590
19222487
19237744
19863380
20111655
20257217
20483777
20971109
21013323
21228849
21461370
21945664
22244591
22364731
22563910
22776906
22829203
23720834
24454398
24601000
24669765
24850866
25489341
25717876
25923512
26368568
26390652
26546914
26582635
26754477
26806634
26822179
27297516
27679330
27771078
27785751
28076467
28179945
28426284
29125334
29241282
29260960
29330995
29616331
30205513
30220832
30231500
30245345
30449795
30628879
30650396
30904111
30950248
31058990
31101772
31291170
31372675
31386992
31861768
31988387
32857568
33250991
33881597
33981037
33993680
34019722
34291678
34508749
34565377
34658043
34783233
34901410
35075121
35322274
35590168
35911504
36083011
36122417
36832139
36980028
37141433
37208021
37264834
37801261
38412557
38496906
38571869
38941415
38958548
39232128
39318864
39380967
39534189
39552134
39575306
39614286
39628374
39717269
39752896
39946279
40107766
40175034
40286937
40500607
40569963
40656444
40683867
40714610
40727588
40815003
41074848
41118722
41151283
41199869
41272191
41444061
41568204
41728139
41743777
41886905
41953828
42085797
42425335
42547664
42628894
42942212
42989918
43134673
43222528
43263997
43292946
43313765
44345415
44469862
44571552
44663356
46490767
47861652
47943742
49048168
49140573
49601635
49631408
49697810
49857933
49876054
49901077
50087140
50155306
50175754
50414072
50752389
51418121
51457420
51542908
51774377
51889391
51943208
52233583
52248123
52703581
53194183
53231568
53285056
53391466
53406527
53501065
53637525
53692440
54302271
54322574
54456713
54850075
54917292
55039130
55198001
55298707
55323120
55458638
55538572
55824856
56288295
56600594
56715560
56817189
56863829
57382632
57915478
57989604
58303701
58399186
58495277
58857103
58902106
58990857
59037987
59081982
59348937
59641299
59722646
60112574
60411245
60447878
60892789
61314585
61391880
61597861
61749605
62055491
62167631
62260961
62718989
63182421
63541740
63636494
46168
100735
169607
300348
356278
416759
470243
579065
599485
773258
892757
1133931
1161977
1214378
1387575
1438928
1564467
1666937
1932903
2025672
2211006
2265276
2428295
2831188
2896651
3825559
3847279
3863660
3980083
4087969
4341232
4345611
4387805
4497579
5069978
5094710
5157626
5178873
5297563
5630715
5740423
5779847
5908607
5967329
6230755
6267123
6363216
6672553
6941023
6989692
7019939
7240395
7465999
7796892
7878927
7991408
8075643
8273373
8341056
8409212
8579759
8877327
8938655
8964483
9028125
9428263
9483880
9525114
9694586
9834187
9900141
10218445
10244491
10471338
10505968
10555026
10701867
10755091
10844050
10918251
10939300
10944882
11165640
11198357
11277112
11294656
11317719
11339312
11363726
11399644
11598227
11626232
11899334
11971298
11986293
12098164
12161265
12217561
12570396
12606448
12808155
12989609
13771720
13937341
14035303
14178596
14275129
14313087
14728471
15014388
15096927
15122922
15228094
15339861
15366908
15509322
15594298
15607474
15786911
15845671
15930967
16226151
16675137
16750048
17092882
17155152
17192882
17240158
17594800
17846679
17964967
17998131
18330391
18495415
18689786
18822131
19571930
19607357
19755525
19875628
20144316
20262709
20445139
20489061
20678793
21582160
21612266
21714603
22399194
22446830
23167802
23317748
23361835
23578816
23685856
23768764
24224645
24399351
24656813
24669432
24786505
24898822
24925646
25022993
25169232
25196690
25295415
25416666
25609847
25970816
26029458
26045496
26146757
26181068
26392775
26543602
28095237
28130390
28935150
29220459
29724345
29754815
29825372
30217364
30298226
30909890
31629812
31951550
32005412
32065033
32178274
32194269
32322756
32610987
32941336
32991815
33033308
33194194
33306866
33711149
33772231
34550676
37286710
37365827
37393852
37475760
37654858
39161580
39446659
39479907
39600116
39719198
39761711
40260999
40638054
40696399
40718179
40751296
41176279
41409885
41440914
41520016
41916298
41939029
42347670
42788793
42975137
43625492
44057368
44083776
44135552
45083253
45313077
45445014
46035035
46854153
47325294
47439867
47541312
47639384
48191491
48723728
49024051
49274212
49313737
49324523
49541489
49636381
49878469
49936830
50216010
50266297
50304621
50329575
50366027
50464374
50788347
51123717
51137742
51193624
51303534
51364372
51406913
51658930
51959214
51990435
52347109
52415803
52434928
52834174
53227688
53451581
53553749
53574341
53717408
53772647
53834483
54001242
54045293
54200300
54235836
54259047
54308160
54319003
54377254
54391120
54481864
54564449
54639275
54781158
55097607
55138821
55198444
55220188
55233688
55321436
56177277
56383786
56436969
56458758
56684395
56797393
57061396
57236595
57988716
22964
124636
456078
729540
842155
877919
901165
947810
985208
998982
1216351
1422657
1801165
1978751
2016653
2077109
2097295
2493589
2563564
2669668
2809218
2874987
3046905
3060883
3106725
3127215
3188469
3652848
3897186
4025354
4045740
4466523
4666636
4719870
5187367
5436116
5656704
5770300
5837702
5862948
5994675
6004929
6015360
6488300
6533617
6579761
6603317
6905102
6967570
7034255
7178643
7200389
7222501
7345658
7505109
7638904
7810809
8159872
8171992
8220370
8560935
8907889
8949003
9040492
9059444
9218193
9258487
9298727
9492217
9561129
9695223
9715195
10057642
10341582
11017812
11234712
11345253
11416677
11508689
11599918
11672671
11908250
12161837
12276413
12392909
12472682
12826909
12976184
13161013
13180679
13229611
13246989
13593016
13624956
13752359
13871741
14129460
14470872
14759059
14838962
14876469
15026722
15167602
15423942
15493321
15520809
15767432
15803617
15955174
15999310
16086764
16105089
16190698
16525701
16688933
16701341
16766967
16784705
17157142
17219525
17303377
17334973
17488748
17542579
17583218
17757565
17807742
17826295
17851470
18043261
18321257
18539452
18558243
18635880
19167181
19235295
19348005
19424819
19436110
19552129
19917545
20159584
20652938
20912635
21587927
21738978
21865224
22019177
22308304
22347451
22374590
23070190
23100382
23602612
23657498
23673477
23937829
24070518
24230489
24662489
24778489
24861818
25033898
25084658
25363730
25570020
25910484
26147142
26365340
26486749
26803514
27079540
27310720
27322646
27348453
27405977
27483206
27743432
28067440
29213505
29991476
30410089
30500217
30955483
31354831
31549943
33096644
33213761
33332236
33459197
33567300
33978755
34067161
34158451
34405487
34835880
35239850
35794470
35860086
36687674
37216589
38953761
39105904
39264679
39451888
39500949
39714247
40189611
40541973
41498757
41571034
41845262
42912774
42955872
43077925
43096453
43151210
43244903
43258465
43270911
43409856
43732483
44127218
44477602
44558367
44877373
44917609
45193900
45222898
45497639
45657973
45813963
46208464
46464826
46561810
46855656
47204646
47245984
47428124
47547841
47633795
47910310
48166534
49857384
49907054
50379317
50786639
50863748
50922703
50956589
50976620
51008899
51105925
51197887
51228182
51338569
51424635
51869780
52227543
52294809
52917287
53110628
53206518
53426962
53509205
53884137
53931497
54246271
54398283
54705049
54998125
55180992
55277985
55569336
55579847
55593245
55683305
55718266
120467
334836
511841
563232
959868
1013725
1894244
2085144
2321257
2480862
2572208
2625818
2733439
2883580
3204091
3620088
4126860
4151034
4225567
4351318
4646038
4715750
4930140
5032988
5049780
6295696
6325918
6426574
6503084
6591636
6928174
7106768
7171596
7228512
7304118
7393032
7439153
7827396
8244792
8473646
8739723
9025788
9233925
9246049
9263538
9383432
9425718
9460194
9673806
9961744
10095830
10481811
10566776
10616582
10668314
11036560
11179161
11213032
11291845
11309066
11332987
11572897
11736963
11817004
11898132
11920219
12038768
12059082
12339365
12446319
12565448
12596920
12840652
13016917
13064158
13160828
13299268
13527375
13642067
13745550
14037872
14411895
14508923
15077373
15380193
15496601
15771032
15817545
15903998
15933033
17106050
17231155
17488093
17640918
17740806
17764249
18022073
18042684
18199007
18388082
18424272
18531855
18906695
19475639
19645225
20472141
20552242
20858638
20979076
20992141
21054466
21083801
21169963
21290634
21391952
21674099
21859453
21933169
21981193
22481007
22543087
22606232
22637170
22682915
22863785
22951729
23113782
23175955
23418669
23716920
23790293
24345217
24396903
24526901
24602213
24685917
25507823
25551629
25838053
26125721
26275362
26511901
26756660
26880711
26912436
27084520
27165397
27307667
27356104
27552476
27737796
27871801
27932336
28055839
28363031
28687582
28698078
28754876
28776862
29171692
29219262
29329567
29363248
29379277
29438415
29448783
29488625
29526078
29716827
30185023
30660888
30742304
30785061
31014898
31243694
31410328
31622588
31677292
31691254
31807633
31920758
32126603
32221484
32280466
32338512
32478084
32858117
32970180
33318289
33486594
33962673
34476982
34782100
35033398
35361629
35413682
35446155
35539861
35575083
35649252
35780044
35893886
35906929
36062913
36179087
36702561
36823182
36995675
37188122
37538980
37718171
37757073
37767306
37806476
37843912
38044411
38113428
38171453
38270457
38300793
38391481
38458061
38757574
38802239
38886006
38934668
39056186
39138348
39225211
39614046
39740491
39976493
40110561
40180570
40218625
40833704
40875331
41083551
41102444
41131965
41212350
41293798
41436777
41588125
41600013
41696654
41864855
41938821
41987046
42059084
42440156
42736145
42979624
43129477
43176049
43206145
43408161
43508278
43611135
43801797
43901624
43969687
44190445
44509851
44641424
44658746
44863524
44875649
45102400
45355730
45535241
45602628
45648660
45667291
45705458
45781388
45879774
45949113
46085206
46170682
46277173
46550310
47081857
47195616
47377030
47633065
47834013
48074259
48135918
48213365
48264653
48282638
48387688
48579689
48688503
48737408
48845948
48867856
49050498
49083647
49230670
49370071
49502521
49530961
49841919
49892264
50150498
50389666
50421070
50450582
51066734
51108599
51122661
51367830
51422810
51557006
51573588
51678378
51730430
51838180
51876933
52461120
52686634
52732973
53176416
53455677
53853359
53962426
54270687
54368257
54514095
108448
219045
328361
451303
483802
606991
698757
736728
778032
793158
956009
977607
1027441
1057853
1377758
1744595
1792758
2235851
2353685
3172685
3269041
3325232
3346180
3468380
4044370
4276564
4532612
4802410
5186428
5235830
5477397
5526455
5592607
5679798
5784114
5874691
5946645
6060810
6081695
6133964
6156045
6227194
6308621
6655049
7106861
8060562
8196251
8312289
8329466
8419408
8438268
8505887
8663963
8722550
8818133
8970267
9062195
9274588
9367383
9527839
9580993
9929002
10007557
10034509
10198865
10355139
10518341
10692617
11182499
11632043
11717735
12157672
12341611
12360456
12549962
12641369
12659600
12999143
13140537
13758669
13955814
14208866
14365501
14401837
14607093
14694678
14971755
15115548
15259652
15342050
15367251
15389262
15796401
15813748
15922269
15957260
17102504
17148977
17202793
17809817
18124965
18154560
18249253
18627614
18851511
18948986
18989820
19108831
19452224
19554317
19639007
20019229
20333529
20373675
20487106
20561356
20578284
20596578
20905147
21200724
21360681
21424750
21533079
21729769
22208255
22495062
22725218
22795024
22824499
22976622
23073294
23358353
23407814
23830648
23857824
23907157
24012459
24177712
24233386
24283184
24311376
24455000
24482551
24670656
24752399
24993838
25346775
25367629
25456896
25578844
25600123
25669725
25702456
25905025
26256713
26302827
26446139
26606624
26684999
27081128
27268008
27295465
27647580
27659053
27788384
28064716
28266275
28343194
28474131
28538424
28601648
29382063
29613216
29690260
29738160
30053452
30146676
30349200
30504540
30572407
30796481
30915441
31140361
31230114
31319221
31333430
31349902
31448114
31474652
31498793
31517195
31618942
31843546
31883670
32395401
32445590
32466259
32859357
32884695
32978135
33046191
33241707
33320207
33378681
34108191
34153839
34206033
34380249
34894142
35118726
35210817
35366649
35396986
35888353
36051960
36473269
36977270
37070162
37092591
37329751
37600696
37841283
37865919
37919994
38594360
39532482
39544471
39562450
39774662
40912148
41443067
41458043
41692137
41790390
42173285
42309890
42331832
42397018
43133965
43292309
43893170
44400786
44662794
44742601
44876322
45105377
45323110
45424528
45459652
45548777
46067884
46358550
46825674
47742442
47800171
47931239
48046893
48219981
48790662
48875302
49023112
49154588
49211739
49717243
49821616
49866202
50221997
50642272
50664730
51059653
51265705
51603838
51813593
52630504
19638
286520
470659
1399174
1533320
1546327
1593920
2220231
2338624
2379206
2412993
2463739
2634336
2683404
2846728
2892648
2921671
2934667
2966310
3010752
3021793
3108287
3360085
5123069
5207923
9031802
9050748
9179606
9200686
9288490
9317667
9383572
9396335
9482665
9593070
9722163
9743854
9767189
9935495
10257308
10327998
10988862
11001133
11061434
11696741
11845033
11869513
11904521
12032790
12080627
12915524
13032352
13063972
13103323
13114845
13241252
13377129
13472512
13653472
13715434
13822455
14168738
14217449
14371785
14662476
14726841
15544191
15760306
15826246
16247436
16288799
16741061
16927930
16946136
17181041
17208759
17508424
17575990
17717689
17903699
17950809
18752230
18775711
19073109
19093728
19163442
19174727
19212987
19497200
19678431
20055810
20067314
20136647
20651515
21390262
21542599
21683362
21818453
21978383
22129743
22297336
22481690
22532585
22660672
22723099
23053550
23097396
23228583
23273160
23287687
23636037
23688895
23804656
23863041
23913408
23991376
24038080
24486203
24564018
24608910
24762643
24908058
25152339
25700067
25743347
25760426
25832136
25897820
26015667
26044490
26497138
26556082
26731562
26843088
27035461
27097588
27308640
27341829
27521337
27894325
28078256
28174696
28224179
28250553
28478758
28725559
28779913
28844787
28912188
28966826
28990575
29005672
29196239
29316059
29339941
29605814
29647071
29721154
30002407
30096190
30150335
30282234
30317772
30333769
30412557
30427937
30460141
30488036
30571415
30716239
30731017
30982155
30996510
31112531
31256063
31604358
32058208
32277416
32298586
32316218
32327508
32343520
32430065
32552988
32822623
32913689
33389426
33450372
34217490
34242922
34318980
34403015
34471707
34527429
35154259
35167529
35213704
35298180
35457631
35538607
35883783
35904524
36242340
36376870
36582121
36669230
36725517
36768287
37149032
37182911
37211563
37493232
37761799
37789022
37934853
38007463
38170432
38261408
38273264
38598207
38800223
38811844
39127425
39166050
39180632
39338819
39407429
39453357
39872990
40175124
40597658
41702499
41728704
41838491
42103523
42204949
42267172
42283534
42462028
42635639
42796340
43433619
43448553
43567610
43728951
44834891
44864596
44937715
46150754
46560995
46676493
47106646
47186340
47419984
47465595
47541324
47590886
47646936
47800141
47863131
47913503
47996821
48303083
48347348
48445498
48553429
48626145
49226107
49361230
49564629
49604720
49665736
49719586
49772144
49801633
49908179
49938091
49975940
50010652
50090707
50210662
50365065
50501516
50516428
51038794
51141174
51158512
51213437
51319899
51547854
51841010
51918902
52037461
52551442
6349
