69
JX443333.1.Mylopharodon.conocephalus 0.0000000 0.0000010 0.0096624 0.0095820 0.0102832 0.0098593 0.0102926 0.0125142 0.0110295 0.0116922 0.0116922 0.0102900 0.0096365 0.0141328 0.0105249 0.0111318 0.0110483 0.0088902 0.0118134 0.0095820 0.0102832 0.0095820 0.0102832 0.0089198 0.0103491 0.0096150 0.0081851 0.0081851 0.0096173 0.0102850 0.0088909 0.0095906 0.0110261 0.0103638 0.0088830 0.0095834 0.0095992 0.0095992 0.0110295 0.0117971 0.0131544 0.0117191 0.0089004 0.0096047 0.0068144 0.0075079 0.0103155 0.0103155 0.0138713 0.0095894 0.0118413 0.0105226 0.0075200 0.0075022 0.0096900 0.0075022 0.0075056 0.0089195 0.0075022 0.0082206 0.0147681 0.0131978 0.0131814 0.0075522 0.0068710 0.0083582 0.0089090 0.0089123 0.0088950 
JX443334.1.Mylopharodon.conocephalus 0.0000010 0.0000000 0.0090399 0.0096696 0.0103774 0.0098593 0.0103869 0.0126150 0.0111308 0.0117998 0.0117998 0.0103842 0.0096832 0.0141328 0.0105249 0.0111566 0.0111503 0.0089714 0.0097485 0.0096696 0.0103774 0.0096696 0.0103774 0.0090015 0.0104445 0.0097033 0.0082590 0.0082590 0.0097055 0.0103791 0.0089722 0.0096784 0.0111273 0.0104594 0.0089641 0.0096710 0.0096871 0.0096871 0.0111308 0.0119066 0.0132759 0.0118271 0.0089818 0.0096927 0.0068768 0.0075770 0.0104102 0.0104102 0.0132774 0.0096771 0.0119520 0.0105226 0.0075892 0.0075712 0.0090353 0.0075712 0.0075747 0.0090012 0.0075712 0.0082955 0.0148410 0.0133210 0.0133044 0.0076219 0.0069041 0.0083883 0.0089905 0.0089939 0.0089763 
JX443344.1.Gila.seminuda             0.0096624 0.0090399 0.0000000 0.0013522 0.0020316 0.0013797 0.0020333 0.0069073 0.0054796 0.0047722 0.0047722 0.0047720 0.0034101 0.0055522 0.0020638 0.0048051 0.0054597 0.0020336 0.0034043 0.0013522 0.0020316 0.0013522 0.0020316 0.0040975 0.0061911 0.0040982 0.0027136 0.0027136 0.0027149 0.0033982 0.0033981 0.0040844 0.0040981 0.0034128 0.0020319 0.0027140 0.0027184 0.0027184 0.0054796 0.0061720 0.0075668 0.0061650 0.0061541 0.0068469 0.0054591 0.0061515 0.0061657 0.0061657 0.0103790 0.0068408 0.0096787 0.0076557 0.0061667 0.0061523 0.0075818 0.0061523 0.0061550 0.0075633 0.0061523 0.0068654 0.0097461 0.0090042 0.0089932 0.0104213 0.0090231 0.0104765 0.0034049 0.0061504 0.0061504 
JX443345.1.Gila.seminuda             0.0095820 0.0096696 0.0013522 0.0000000 0.0006683 0.0020724 0.0020127 0.0054549 0.0040572 0.0033654 0.0033654 0.0033652 0.0027029 0.0048360 0.0013732 0.0041000 0.0040698 0.0006688 0.0034034 0.0013375 0.0020110 0.0013375 0.0020110 0.0026969 0.0047535 0.0026972 0.0013387 0.0013387 0.0013462 0.0020130 0.0020130 0.0026883 0.0026972 0.0020307 0.0006684 0.0013389 0.0013411 0.0013411 0.0040572 0.0047710 0.0061121 0.0047338 0.0060911 0.0067815 0.0054033 0.0060885 0.0047408 0.0047344 0.0109780 0.0067752 0.0096756 0.0083462 0.0061035 0.0060933 0.0075491 0.0060933 0.0060960 0.0074903 0.0060933 0.0067993 0.0090086 0.0082422 0.0082321 0.0103125 0.0096383 0.0111824 0.0033702 0.0061033 0.0060915 
JX443346.1.Gila.seminuda             0.0102832 0.0103774 0.0020316 0.0006683 0.0000000 0.0027675 0.0026879 0.0061468 0.0047411 0.0040450 0.0040450 0.0040448 0.0033841 0.0041376 0.0006854 0.0047913 0.0047559 0.0013407 0.0040907 0.0020110 0.0013373 0.0020110 0.0013373 0.0033766 0.0054415 0.0033771 0.0020127 0.0020127 0.0020226 0.0026884 0.0026883 0.0033659 0.0033770 0.0027120 0.0013387 0.0020130 0.0020162 0.0020162 0.0047411 0.0054615 0.0068023 0.0054189 0.0054048 0.0060926 0.0060885 0.0054025 0.0054268 0.0054195 0.0116833 0.0074654 0.0103839 0.0090569 0.0067926 0.0067811 0.0082490 0.0067811 0.0067842 0.0081856 0.0067811 0.0074911 0.0097177 0.0089435 0.0089326 0.0110182 0.0103436 0.0119012 0.0040508 0.0067923 0.0067791 
JX443347.1.Gila.elegans              0.0098593 0.0098593 0.0013797 0.0020724 0.0027675 0.0000000 0.0013803 0.0070171 0.0063011 0.0055740 0.0055740 0.0055738 0.0048663 0.0056008 0.0034648 0.0062812 0.0062776 0.0027708 0.0020724 0.0020724 0.0027675 0.0020724 0.0027675 0.0048860 0.0070320 0.0048868 0.0034664 0.0034664 0.0034680 0.0041673 0.0041673 0.0048700 0.0048866 0.0041857 0.0027679 0.0034669 0.0034726 0.0034726 0.0063011 0.0070098 0.0084390 0.0070015 0.0062787 0.0069857 0.0055694 0.0062760 0.0070024 0.0070024 0.0098684 0.0076917 0.0105938 0.0077284 0.0062919 0.0062768 0.0077049 0.0062768 0.0062797 0.0077171 0.0062768 0.0070050 0.0106275 0.0091886 0.0091772 0.0106347 0.0098826 0.0113600 0.0041758 0.0069846 0.0069846 
JX443348.1.Gila.elegans              0.0102926 0.0103869 0.0020333 0.0020127 0.0026879 0.0013803 0.0000000 0.0061381 0.0061133 0.0054087 0.0054087 0.0054114 0.0047538 0.0069443 0.0034501 0.0061815 0.0061354 0.0026905 0.0040943 0.0020116 0.0026879 0.0020127 0.0026879 0.0047408 0.0068216 0.0047441 0.0033641 0.0033641 0.0033826 0.0040441 0.0040440 0.0047257 0.0047414 0.0040821 0.0026883 0.0033664 0.0033699 0.0033699 0.0061133 0.0068502 0.0081862 0.0067966 0.0067848 0.0074782 0.0060906 0.0067783 0.0068066 0.0067939 0.0116941 0.0074720 0.0103935 0.0090652 0.0067986 0.0067871 0.0082564 0.0067871 0.0067902 0.0081929 0.0067871 0.0074978 0.0111446 0.0110593 0.0110458 0.0110222 0.0103531 0.0119124 0.0040521 0.0067983 0.0067851 
JX443349.1.Gila.purpurea             0.0125142 0.0126150 0.0069073 0.0054549 0.0061468 0.0070171 0.0061381 0.0000000 0.0013443 0.0075334 0.0075334 0.0061510 0.0054893 0.0105730 0.0070002 0.0069360 0.0068883 0.0047690 0.0090425 0.0068324 0.0075318 0.0068360 0.0075318 0.0054706 0.0075773 0.0068655 0.0054482 0.0054519 0.0054823 0.0061446 0.0033878 0.0040721 0.0068569 0.0062031 0.0047652 0.0054557 0.0054579 0.0054616 0.0013433 0.0020347 0.0089614 0.0075544 0.0103274 0.0110385 0.0082185 0.0089187 0.0061632 0.0061473 0.0139144 0.0082218 0.0111843 0.0112932 0.0089543 0.0089392 0.0097262 0.0089392 0.0089432 0.0103759 0.0089392 0.0082513 0.0090266 0.0089502 0.0089455 0.0118143 0.0111332 0.0127173 0.0061569 0.0075433 0.0075286 
JX443350.1.Gila.purpurea             0.0110295 0.0111308 0.0054796 0.0040572 0.0047411 0.0063011 0.0061133 0.0013443 0.0000000 0.0061123 0.0061123 0.0047443 0.0040828 0.0091021 0.0055663 0.0055056 0.0054647 0.0033782 0.0075856 0.0054205 0.0061112 0.0054234 0.0061112 0.0040715 0.0061516 0.0054464 0.0040550 0.0040550 0.0040774 0.0047393 0.0020173 0.0026941 0.0054433 0.0047841 0.0033755 0.0040578 0.0040621 0.0040621 0.0000010 0.0006720 0.0075192 0.0061292 0.0088752 0.0095773 0.0067918 0.0074831 0.0047537 0.0047446 0.0124162 0.0067938 0.0097028 0.0098084 0.0075125 0.0074996 0.0089858 0.0074996 0.0075030 0.0089163 0.0074996 0.0068180 0.0075731 0.0075151 0.0075061 0.0103356 0.0096653 0.0112142 0.0047488 0.0061200 0.0061081 
JX443351.1.Gila.ditaenia             0.0116922 0.0117998 0.0047722 0.0033654 0.0040450 0.0055740 0.0054087 0.0075334 0.0061123 0.0000000 0.0000010 0.0054105 0.0047530 0.0083613 0.0048473 0.0061804 0.0061344 0.0026901 0.0068634 0.0047209 0.0054069 0.0047234 0.0054069 0.0047401 0.0068205 0.0047433 0.0033635 0.0033635 0.0033820 0.0040435 0.0040434 0.0047250 0.0047407 0.0040814 0.0026879 0.0033658 0.0033694 0.0033694 0.0061123 0.0068490 0.0081848 0.0067955 0.0095541 0.0102572 0.0088475 0.0095446 0.0068054 0.0067928 0.0131000 0.0088513 0.0118066 0.0104852 0.0081772 0.0081644 0.0096555 0.0081644 0.0081681 0.0095810 0.0081644 0.0088831 0.0111425 0.0110573 0.0110438 0.0124294 0.0117617 0.0133458 0.0054156 0.0081778 0.0081619 
JX443352.1.Gila.ditaenia             0.0116922 0.0117998 0.0047722 0.0033654 0.0040450 0.0055740 0.0054087 0.0075334 0.0061123 0.0000010 0.0000000 0.0054105 0.0047530 0.0083613 0.0048473 0.0061804 0.0061344 0.0026901 0.0068634 0.0047209 0.0054069 0.0047234 0.0054069 0.0047401 0.0068205 0.0047433 0.0033635 0.0033635 0.0033820 0.0040435 0.0040434 0.0047250 0.0047407 0.0040814 0.0026879 0.0033658 0.0033694 0.0033694 0.0061123 0.0068490 0.0081848 0.0067955 0.0095541 0.0102572 0.0088475 0.0095446 0.0068054 0.0067928 0.0131000 0.0088513 0.0118066 0.0104852 0.0081772 0.0081644 0.0096555 0.0081644 0.0081681 0.0095810 0.0081644 0.0088831 0.0111425 0.0110573 0.0110438 0.0124294 0.0117617 0.0133458 0.0054156 0.0081778 0.0081619 
JX443353.1.Gila.atraria              0.0102900 0.0103842 0.0047720 0.0033652 0.0040448 0.0055738 0.0054114 0.0061510 0.0047443 0.0054105 0.0054105 0.0000000 0.0006724 0.0083607 0.0048471 0.0034150 0.0033907 0.0026900 0.0068631 0.0047232 0.0054067 0.0047232 0.0054067 0.0020222 0.0040734 0.0047431 0.0033652 0.0033652 0.0033819 0.0040455 0.0026901 0.0033681 0.0047430 0.0040813 0.0026879 0.0033657 0.0033711 0.0033711 0.0047443 0.0054652 0.0054317 0.0040565 0.0095534 0.0102565 0.0074714 0.0081635 0.0040625 0.0040570 0.0130989 0.0074704 0.0103908 0.0090630 0.0067971 0.0067856 0.0082545 0.0067856 0.0067887 0.0081910 0.0067856 0.0074961 0.0083135 0.0075536 0.0075444 0.0110254 0.0103504 0.0119091 0.0033734 0.0054239 0.0054135 
JX443354.1.Gila.atraria              0.0096365 0.0096832 0.0034101 0.0027029 0.0033841 0.0048663 0.0047538 0.0054893 0.0040828 0.0047530 0.0047530 0.0006724 0.0000000 0.0076465 0.0041456 0.0027263 0.0027182 0.0020255 0.0054954 0.0040646 0.0047496 0.0040646 0.0047496 0.0013535 0.0034080 0.0040818 0.0027029 0.0027029 0.0027111 0.0033846 0.0020256 0.0027052 0.0040817 0.0034081 0.0020239 0.0027033 0.0027076 0.0027076 0.0040828 0.0047920 0.0047717 0.0033939 0.0089070 0.0096049 0.0068200 0.0075143 0.0033966 0.0033943 0.0124610 0.0068140 0.0097188 0.0083475 0.0061416 0.0061272 0.0075711 0.0061272 0.0061299 0.0075336 0.0061272 0.0068382 0.0076040 0.0061759 0.0061684 0.0103786 0.0096519 0.0111840 0.0027094 0.0047558 0.0047525 
JX443355.1.Gila.nigra                0.0141328 0.0141328 0.0055522 0.0048360 0.0041376 0.0056008 0.0069443 0.0105730 0.0091021 0.0083613 0.0083613 0.0083607 0.0076465 0.0000000 0.0034692 0.0090731 0.0090680 0.0055415 0.0062549 0.0062339 0.0055312 0.0062339 0.0055312 0.0076782 0.0098457 0.0076792 0.0062394 0.0062394 0.0062424 0.0069454 0.0069454 0.0076524 0.0076789 0.0069764 0.0055369 0.0062404 0.0062507 0.0062507 0.0091021 0.0098145 0.0112527 0.0098028 0.0090614 0.0097717 0.0097718 0.0090574 0.0098041 0.0098041 0.0141357 0.0119184 0.0149224 0.0119924 0.0105138 0.0104890 0.0119409 0.0104890 0.0104939 0.0119596 0.0104890 0.0112384 0.0134636 0.0120171 0.0120019 0.0149305 0.0141561 0.0157060 0.0083737 0.0112052 0.0112052 
JX443356.1.Gila.nigra                0.0105249 0.0105249 0.0020638 0.0013732 0.0006854 0.0034648 0.0034501 0.0070002 0.0055663 0.0048473 0.0048473 0.0048471 0.0041456 0.0034692 0.0000000 0.0055489 0.0055459 0.0020651 0.0027553 0.0027534 0.0020614 0.0027534 0.0020614 0.0041622 0.0062895 0.0041628 0.0027558 0.0027558 0.0027570 0.0034507 0.0034506 0.0041486 0.0041627 0.0034660 0.0020635 0.0027562 0.0027607 0.0027607 0.0055663 0.0062699 0.0076875 0.0062626 0.0055419 0.0062431 0.0062432 0.0055395 0.0062634 0.0062634 0.0105346 0.0083608 0.0112668 0.0098360 0.0069659 0.0069492 0.0083761 0.0069492 0.0069524 0.0083892 0.0069492 0.0076777 0.0098577 0.0084282 0.0084176 0.0113029 0.0105500 0.0120258 0.0048545 0.0076553 0.0076553 
JX443357.1.Gila.coerulea             0.0111318 0.0111566 0.0048051 0.0041000 0.0047913 0.0062812 0.0061815 0.0069360 0.0055056 0.0061804 0.0061804 0.0034150 0.0027263 0.0090731 0.0055489 0.0000000 0.0000010 0.0034139 0.0054990 0.0054808 0.0061760 0.0054808 0.0061760 0.0027375 0.0048257 0.0055043 0.0041000 0.0041000 0.0041019 0.0047921 0.0034132 0.0041036 0.0055042 0.0048130 0.0034102 0.0041007 0.0041073 0.0041073 0.0055056 0.0062015 0.0062050 0.0048054 0.0103938 0.0111026 0.0082771 0.0089817 0.0048060 0.0048060 0.0125574 0.0082696 0.0111804 0.0097769 0.0075923 0.0075741 0.0082904 0.0075741 0.0075776 0.0090051 0.0075741 0.0082995 0.0090457 0.0076353 0.0076260 0.0118984 0.0097194 0.0126495 0.0041102 0.0061797 0.0061797 
JX443358.1.Gila.coerulea             0.0110483 0.0111503 0.0054597 0.0040698 0.0047559 0.0062776 0.0061354 0.0068883 0.0054647 0.0061344 0.0061344 0.0033907 0.0027182 0.0090680 0.0055459 0.0000010 0.0000000 0.0033888 0.0075575 0.0054402 0.0061300 0.0054402 0.0061300 0.0027173 0.0047898 0.0054634 0.0040698 0.0040698 0.0040717 0.0047567 0.0033889 0.0040734 0.0054632 0.0047773 0.0033860 0.0040704 0.0040770 0.0040770 0.0054647 0.0061552 0.0061587 0.0047698 0.0103171 0.0110195 0.0082156 0.0089149 0.0047704 0.0047704 0.0131779 0.0082082 0.0110962 0.0097714 0.0075362 0.0075185 0.0089589 0.0075185 0.0075219 0.0089379 0.0075185 0.0082377 0.0090168 0.0075777 0.0075684 0.0118086 0.0096886 0.0126240 0.0040798 0.0061337 0.0061337 
JX443359.1.Gila.cypha                0.0088902 0.0089714 0.0020336 0.0006688 0.0013407 0.0027708 0.0026905 0.0047690 0.0033782 0.0026901 0.0026901 0.0026900 0.0020255 0.0055415 0.0020651 0.0034139 0.0033888 0.0000000 0.0034076 0.0013402 0.0020135 0.0013402 0.0020135 0.0020210 0.0040710 0.0020213 0.0006688 0.0006688 0.0006720 0.0013409 0.0013409 0.0020146 0.0020212 0.0013527 0.0000010 0.0006689 0.0006699 0.0006699 0.0033782 0.0040861 0.0054285 0.0040542 0.0067851 0.0074783 0.0060942 0.0067821 0.0040602 0.0040547 0.0095851 0.0060927 0.0089770 0.0076443 0.0054208 0.0054119 0.0068571 0.0054119 0.0054142 0.0068037 0.0054119 0.0061143 0.0083086 0.0075489 0.0075398 0.0096170 0.0089424 0.0104746 0.0026940 0.0054207 0.0054103 
JX443360.1.Gila.cypha                0.0118134 0.0097485 0.0034043 0.0034034 0.0040907 0.0020724 0.0040943 0.0090425 0.0075856 0.0068634 0.0068634 0.0068631 0.0054954 0.0062549 0.0027553 0.0054990 0.0075575 0.0034076 0.0000000 0.0020368 0.0027202 0.0020368 0.0027202 0.0061877 0.0083119 0.0061892 0.0047810 0.0047810 0.0047832 0.0054739 0.0054738 0.0061681 0.0061890 0.0054978 0.0040913 0.0047817 0.0047895 0.0047895 0.0075856 0.0082861 0.0096976 0.0082764 0.0082618 0.0089624 0.0075566 0.0082582 0.0082775 0.0082775 0.0111186 0.0089543 0.0118330 0.0083637 0.0082789 0.0082593 0.0097161 0.0082593 0.0082631 0.0096931 0.0082593 0.0089868 0.0119214 0.0111589 0.0111451 0.0125920 0.0111873 0.0126650 0.0054848 0.0082568 0.0082568 
JX443361.1.Gila.robusta              0.0095820 0.0096696 0.0013522 0.0013375 0.0020110 0.0020724 0.0020116 0.0068324 0.0054205 0.0047209 0.0047209 0.0047232 0.0040646 0.0062339 0.0027534 0.0054808 0.0054402 0.0013402 0.0020368 0.0000000 0.0006683 0.0000010 0.0006683 0.0040535 0.0061240 0.0040562 0.0026846 0.0026846 0.0026993 0.0033617 0.0033617 0.0040406 0.0040540 0.0033932 0.0020113 0.0026864 0.0026893 0.0026893 0.0054205 0.0061497 0.0074852 0.0061017 0.0060911 0.0067815 0.0054004 0.0060853 0.0061107 0.0060992 0.0095815 0.0067752 0.0096756 0.0083462 0.0061035 0.0060933 0.0075491 0.0060933 0.0060960 0.0074903 0.0060933 0.0067993 0.0104213 0.0103414 0.0103288 0.0103068 0.0096383 0.0111824 0.0033684 0.0061033 0.0060915 
JX443362.1.Gila.robusta              0.0102832 0.0103774 0.0020316 0.0020110 0.0013373 0.0027675 0.0026879 0.0075318 0.0061112 0.0054069 0.0054069 0.0054067 0.0047496 0.0055312 0.0020614 0.0061760 0.0061300 0.0020135 0.0027202 0.0006683 0.0000000 0.0006683 0.0000010 0.0047392 0.0068192 0.0047400 0.0033630 0.0033630 0.0033797 0.0040428 0.0040427 0.0047242 0.0047399 0.0040785 0.0026860 0.0033635 0.0033688 0.0033688 0.0061112 0.0068441 0.0081830 0.0067906 0.0054048 0.0060926 0.0060885 0.0054025 0.0068006 0.0067915 0.0102828 0.0074654 0.0103839 0.0090569 0.0067926 0.0067811 0.0082490 0.0067811 0.0067842 0.0081856 0.0067811 0.0074911 0.0111342 0.0103471 0.0103345 0.0110182 0.0103436 0.0119012 0.0040508 0.0067923 0.0067791 
JX443363.1.Gila.robusta              0.0095820 0.0096696 0.0013522 0.0013375 0.0020110 0.0020724 0.0020127 0.0068360 0.0054234 0.0047234 0.0047234 0.0047232 0.0040646 0.0062339 0.0027534 0.0054808 0.0054402 0.0013402 0.0020368 0.0000010 0.0006683 0.0000000 0.0006683 0.0040556 0.0061273 0.0040562 0.0026860 0.0026860 0.0026993 0.0033635 0.0033635 0.0040427 0.0040561 0.0033932 0.0020113 0.0026864 0.0026907 0.0026907 0.0054234 0.0061497 0.0074891 0.0061017 0.0060911 0.0067815 0.0054033 0.0060885 0.0061107 0.0061025 0.0095815 0.0067752 0.0096756 0.0083462 0.0061035 0.0060933 0.0075491 0.0060933 0.0060960 0.0074903 0.0060933 0.0067993 0.0104213 0.0096412 0.0096295 0.0103125 0.0096383 0.0111824 0.0033702 0.0061033 0.0060915 
JX443364.1.Gila.intermedia           0.0102832 0.0103774 0.0020316 0.0020110 0.0013373 0.0027675 0.0026879 0.0075318 0.0061112 0.0054069 0.0054069 0.0054067 0.0047496 0.0055312 0.0020614 0.0061760 0.0061300 0.0020135 0.0027202 0.0006683 0.0000010 0.0006683 0.0000000 0.0047392 0.0068192 0.0047400 0.0033630 0.0033630 0.0033797 0.0040428 0.0040427 0.0047242 0.0047399 0.0040785 0.0026860 0.0033635 0.0033688 0.0033688 0.0061112 0.0068441 0.0081830 0.0067906 0.0054048 0.0060926 0.0060885 0.0054025 0.0068006 0.0067915 0.0102828 0.0074654 0.0103839 0.0090569 0.0067926 0.0067811 0.0082490 0.0067811 0.0067842 0.0081856 0.0067811 0.0074911 0.0111342 0.0103471 0.0103345 0.0110182 0.0103436 0.0119012 0.0040508 0.0067923 0.0067791 
JX443365.1.Gila.orcuttii             0.0089198 0.0090015 0.0040975 0.0026969 0.0033766 0.0048860 0.0047408 0.0054706 0.0040715 0.0047401 0.0047401 0.0020222 0.0013535 0.0076782 0.0041622 0.0027375 0.0027173 0.0020210 0.0061877 0.0040535 0.0047392 0.0040556 0.0047392 0.0000000 0.0006675 0.0033884 0.0019919 0.0020183 0.0027103 0.0033754 0.0020187 0.0033338 0.0040167 0.0034071 0.0020194 0.0026973 0.0026647 0.0027001 0.0040599 0.0047905 0.0047586 0.0033864 0.0088874 0.0095905 0.0068008 0.0074928 0.0033914 0.0033404 0.0124335 0.0068036 0.0097161 0.0083814 0.0061283 0.0061177 0.0075805 0.0061177 0.0061204 0.0075221 0.0061177 0.0068277 0.0076347 0.0075704 0.0075664 0.0103499 0.0096788 0.0112295 0.0027020 0.0047543 0.0047452 
JX443366.1.Gila.orcuttii             0.0103491 0.0104445 0.0061911 0.0047535 0.0054415 0.0070320 0.0068216 0.0075773 0.0061516 0.0068205 0.0068205 0.0040734 0.0034080 0.0098457 0.0062895 0.0048257 0.0047898 0.0040710 0.0083119 0.0061240 0.0068192 0.0061273 0.0068192 0.0006675 0.0000000 0.0033828 0.0033658 0.0033819 0.0047773 0.0054394 0.0040663 0.0054180 0.0061204 0.0054910 0.0040677 0.0047542 0.0047365 0.0047593 0.0061340 0.0068938 0.0068475 0.0054575 0.0110185 0.0117311 0.0089054 0.0096069 0.0054656 0.0054290 0.0146135 0.0089089 0.0118861 0.0090812 0.0082306 0.0082173 0.0097193 0.0082173 0.0082210 0.0096438 0.0082173 0.0089410 0.0097896 0.0097066 0.0097015 0.0125123 0.0118402 0.0134367 0.0047626 0.0068412 0.0068278 
JX443367.1.Gila.pandora              0.0096150 0.0097033 0.0040982 0.0026972 0.0033771 0.0048868 0.0047441 0.0068655 0.0054464 0.0047433 0.0047433 0.0047431 0.0040818 0.0076792 0.0041628 0.0055043 0.0054634 0.0020213 0.0061892 0.0040562 0.0047400 0.0040562 0.0047400 0.0033884 0.0033828 0.0000000 0.0013432 0.0013432 0.0027106 0.0033776 0.0033776 0.0040597 0.0026972 0.0020306 0.0020196 0.0026976 0.0013410 0.0013410 0.0054464 0.0061762 0.0075214 0.0061277 0.0088890 0.0095923 0.0081874 0.0088851 0.0061368 0.0061285 0.0124362 0.0081864 0.0111352 0.0083440 0.0075107 0.0074977 0.0089836 0.0074977 0.0075011 0.0089141 0.0074977 0.0082157 0.0104675 0.0096835 0.0096717 0.0103124 0.0110912 0.0111823 0.0047502 0.0075101 0.0074955 
JX443368.1.Gila.modesta              0.0081851 0.0082590 0.0027136 0.0013387 0.0020127 0.0034664 0.0033641 0.0054482 0.0040550 0.0033635 0.0033635 0.0033652 0.0027029 0.0062394 0.0027558 0.0041000 0.0040698 0.0006688 0.0047810 0.0026846 0.0033630 0.0026860 0.0033630 0.0019919 0.0033658 0.0013432 0.0000000 0.0000010 0.0013462 0.0020119 0.0020106 0.0033205 0.0026604 0.0020307 0.0006684 0.0013389 0.0013230 0.0013406 0.0040435 0.0047710 0.0061088 0.0047338 0.0074697 0.0081649 0.0067733 0.0074627 0.0047408 0.0046696 0.0109780 0.0067752 0.0096756 0.0083462 0.0061035 0.0060933 0.0075491 0.0060933 0.0060960 0.0074903 0.0060933 0.0067993 0.0090086 0.0089328 0.0089281 0.0103068 0.0096383 0.0111824 0.0033684 0.0061033 0.0060915 
JX443369.1.Gila.modesta              0.0081851 0.0082590 0.0027136 0.0013387 0.0020127 0.0034664 0.0033641 0.0054519 0.0040550 0.0033635 0.0033635 0.0033652 0.0027029 0.0062394 0.0027558 0.0041000 0.0040698 0.0006688 0.0047810 0.0026846 0.0033630 0.0026860 0.0033630 0.0020183 0.0033819 0.0013432 0.0000010 0.0000000 0.0013462 0.0020119 0.0020119 0.0026869 0.0026957 0.0020307 0.0006684 0.0013389 0.0013406 0.0013406 0.0040550 0.0047710 0.0061088 0.0047338 0.0074697 0.0081649 0.0067733 0.0074627 0.0047408 0.0047318 0.0109780 0.0067752 0.0096756 0.0083462 0.0061035 0.0060933 0.0075491 0.0060933 0.0060960 0.0074903 0.0060933 0.0067993 0.0090086 0.0089390 0.0089281 0.0103068 0.0096383 0.0111824 0.0033684 0.0061033 0.0060915 
JX443370.1.Gila.conspersa            0.0096173 0.0097055 0.0027149 0.0013462 0.0020226 0.0034680 0.0033826 0.0054823 0.0040774 0.0033820 0.0033820 0.0033819 0.0027111 0.0062424 0.0027570 0.0041019 0.0040717 0.0006720 0.0047832 0.0026993 0.0033797 0.0026993 0.0033797 0.0027103 0.0047773 0.0027106 0.0013462 0.0013462 0.0000000 0.0006710 0.0020229 0.0027017 0.0027106 0.0020316 0.0006716 0.0013464 0.0013486 0.0013486 0.0040774 0.0047732 0.0061427 0.0047574 0.0075070 0.0082012 0.0068107 0.0075038 0.0047580 0.0047580 0.0110339 0.0068046 0.0096803 0.0083502 0.0061340 0.0061197 0.0075526 0.0061197 0.0061224 0.0075231 0.0061197 0.0068289 0.0090129 0.0075580 0.0075488 0.0103650 0.0096808 0.0111878 0.0033869 0.0061179 0.0061179 
JX443371.1.Gila.conspersa            0.0102850 0.0103791 0.0033982 0.0020130 0.0026884 0.0041673 0.0040441 0.0061446 0.0047393 0.0040435 0.0040435 0.0040455 0.0033846 0.0069454 0.0034507 0.0047921 0.0047567 0.0013409 0.0054739 0.0033617 0.0040428 0.0033635 0.0040428 0.0033754 0.0054394 0.0033776 0.0020119 0.0020119 0.0006710 0.0000000 0.0026873 0.0033646 0.0020203 0.0027125 0.0013389 0.0020133 0.0020154 0.0020154 0.0047393 0.0054624 0.0067998 0.0054198 0.0081630 0.0088622 0.0074639 0.0081555 0.0054278 0.0054175 0.0116853 0.0074667 0.0103857 0.0090585 0.0067937 0.0067823 0.0082504 0.0067823 0.0067853 0.0081869 0.0067823 0.0074924 0.0097194 0.0096439 0.0096321 0.0110140 0.0103453 0.0119032 0.0040493 0.0067934 0.0067802 
JX443372.1.Gila.minacae              0.0088909 0.0089722 0.0033981 0.0020130 0.0026883 0.0041673 0.0040440 0.0033878 0.0020173 0.0040434 0.0040434 0.0026901 0.0020256 0.0069454 0.0034506 0.0034132 0.0033889 0.0013409 0.0054738 0.0033617 0.0040427 0.0033635 0.0040427 0.0020187 0.0040663 0.0033776 0.0020106 0.0020119 0.0020229 0.0026873 0.0000000 0.0006677 0.0033734 0.0027124 0.0013389 0.0020133 0.0020140 0.0020154 0.0020159 0.0027125 0.0054260 0.0040545 0.0067737 0.0074660 0.0047176 0.0054003 0.0026954 0.0026885 0.0102656 0.0047192 0.0075634 0.0076442 0.0054212 0.0054123 0.0068566 0.0054123 0.0054147 0.0068046 0.0054123 0.0047357 0.0068939 0.0068364 0.0068329 0.0082030 0.0075345 0.0090384 0.0026926 0.0040486 0.0040408 
JX443373.1.Gila.minacae              0.0095906 0.0096784 0.0040844 0.0026883 0.0033659 0.0048700 0.0047257 0.0040721 0.0026941 0.0047250 0.0047250 0.0033681 0.0027052 0.0076524 0.0041486 0.0041036 0.0040734 0.0020146 0.0061681 0.0040406 0.0047242 0.0040427 0.0047242 0.0033338 0.0054180 0.0040597 0.0033205 0.0026869 0.0027017 0.0033646 0.0006677 0.0000000 0.0046796 0.0033961 0.0020130 0.0026887 0.0033262 0.0026916 0.0033640 0.0033962 0.0061142 0.0047379 0.0074630 0.0081575 0.0054003 0.0060852 0.0033747 0.0039960 0.0109679 0.0054020 0.0082646 0.0083538 0.0061088 0.0060987 0.0075558 0.0060987 0.0061014 0.0074970 0.0060987 0.0054210 0.0075960 0.0075325 0.0075286 0.0089010 0.0082330 0.0097496 0.0033713 0.0047310 0.0047219 
JX443374.1.Gila.brevicauda           0.0110261 0.0111273 0.0040981 0.0026972 0.0033770 0.0048866 0.0047414 0.0068569 0.0054433 0.0047407 0.0047407 0.0047430 0.0040817 0.0076789 0.0041627 0.0055042 0.0054632 0.0020212 0.0061890 0.0040540 0.0047399 0.0040561 0.0047399 0.0040167 0.0061204 0.0026972 0.0026604 0.0026957 0.0027106 0.0020203 0.0033734 0.0046796 0.0000000 0.0006717 0.0020196 0.0026976 0.0013229 0.0013406 0.0054277 0.0061760 0.0075171 0.0061276 0.0088886 0.0095919 0.0081830 0.0088792 0.0061366 0.0060439 0.0124355 0.0081861 0.0111346 0.0098054 0.0075104 0.0074975 0.0089832 0.0074975 0.0075009 0.0089138 0.0074975 0.0082154 0.0104670 0.0103792 0.0103736 0.0103062 0.0110907 0.0111817 0.0047475 0.0075099 0.0074952 
JX443375.1.Gila.brevicauda           0.0103638 0.0104594 0.0034128 0.0020307 0.0027120 0.0041857 0.0040821 0.0062031 0.0047841 0.0040814 0.0040814 0.0040813 0.0034081 0.0069764 0.0034660 0.0048130 0.0047773 0.0013527 0.0054978 0.0033932 0.0040785 0.0033932 0.0040785 0.0034071 0.0054910 0.0020306 0.0020307 0.0020307 0.0020316 0.0027125 0.0027124 0.0033961 0.0006717 0.0000000 0.0013506 0.0020310 0.0006731 0.0006731 0.0047841 0.0054863 0.0068643 0.0054680 0.0082372 0.0089357 0.0075345 0.0082336 0.0054687 0.0054687 0.0117916 0.0075277 0.0104320 0.0090990 0.0068545 0.0068383 0.0082868 0.0068383 0.0068414 0.0082540 0.0068383 0.0075548 0.0097628 0.0082926 0.0082825 0.0096626 0.0104326 0.0104761 0.0040873 0.0068363 0.0068363 
JX443376.1.Gila.nigrescens           0.0088830 0.0089641 0.0020319 0.0006684 0.0013387 0.0027679 0.0026883 0.0047652 0.0033755 0.0026879 0.0026879 0.0026879 0.0020239 0.0055369 0.0020635 0.0034102 0.0033860 0.0000010 0.0040913 0.0020113 0.0026860 0.0020113 0.0026860 0.0020194 0.0040677 0.0020196 0.0006684 0.0006684 0.0006716 0.0013389 0.0013389 0.0020130 0.0020196 0.0013506 0.0000000 0.0006685 0.0006695 0.0006695 0.0033755 0.0040828 0.0054242 0.0040510 0.0067798 0.0074727 0.0060894 0.0067769 0.0040569 0.0040515 0.0102750 0.0060880 0.0089697 0.0076372 0.0054165 0.0054076 0.0068515 0.0054076 0.0054100 0.0067986 0.0054076 0.0061095 0.0083017 0.0075429 0.0075338 0.0096091 0.0089352 0.0104659 0.0026918 0.0054164 0.0054060 
JX443377.1.Gila.nigrescens           0.0095834 0.0096710 0.0027140 0.0013389 0.0020130 0.0034669 0.0033664 0.0054557 0.0040578 0.0033658 0.0033658 0.0033657 0.0027033 0.0062404 0.0027562 0.0041007 0.0040704 0.0006689 0.0047817 0.0026864 0.0033635 0.0026864 0.0033635 0.0026973 0.0047542 0.0026976 0.0013389 0.0013389 0.0013464 0.0020133 0.0020133 0.0026887 0.0026976 0.0020310 0.0006685 0.0000000 0.0013413 0.0013413 0.0040578 0.0047717 0.0061130 0.0047345 0.0074708 0.0081661 0.0067779 0.0074676 0.0047415 0.0047351 0.0109796 0.0067762 0.0096771 0.0083475 0.0061044 0.0060942 0.0075502 0.0060942 0.0060969 0.0074915 0.0060942 0.0068003 0.0090099 0.0082434 0.0082334 0.0103140 0.0096398 0.0111840 0.0033707 0.0061042 0.0060924 
JX443378.1.Gila.pulchra              0.0095992 0.0096871 0.0027184 0.0013411 0.0020162 0.0034726 0.0033699 0.0054579 0.0040621 0.0033694 0.0033694 0.0033711 0.0027076 0.0062507 0.0027607 0.0041073 0.0040770 0.0006699 0.0047895 0.0026893 0.0033688 0.0026907 0.0033688 0.0026647 0.0047365 0.0013410 0.0013230 0.0013406 0.0013486 0.0020154 0.0020140 0.0033262 0.0013229 0.0006731 0.0006695 0.0013413 0.0000000 0.0000010 0.0040505 0.0047795 0.0061196 0.0047421 0.0074830 0.0081795 0.0067853 0.0074759 0.0047491 0.0046776 0.0109978 0.0067872 0.0096932 0.0083614 0.0061142 0.0061041 0.0075626 0.0061041 0.0061068 0.0075038 0.0061041 0.0068114 0.0090249 0.0089489 0.0089442 0.0088864 0.0096558 0.0097333 0.0033742 0.0061141 0.0061023 
JX443379.1.Gila.pulchra              0.0095992 0.0096871 0.0027184 0.0013411 0.0020162 0.0034726 0.0033699 0.0054616 0.0040621 0.0033694 0.0033694 0.0033711 0.0027076 0.0062507 0.0027607 0.0041073 0.0040770 0.0006699 0.0047895 0.0026893 0.0033688 0.0026907 0.0033688 0.0027001 0.0047593 0.0013410 0.0013406 0.0013406 0.0013486 0.0020154 0.0020154 0.0026916 0.0013406 0.0006731 0.0006695 0.0013413 0.0000010 0.0000000 0.0040621 0.0047795 0.0061196 0.0047421 0.0074830 0.0081795 0.0067853 0.0074759 0.0047491 0.0047401 0.0109978 0.0067872 0.0096932 0.0083614 0.0061142 0.0061041 0.0075626 0.0061041 0.0061068 0.0075038 0.0061041 0.0068114 0.0090249 0.0089552 0.0089442 0.0088864 0.0096558 0.0097333 0.0033742 0.0061141 0.0061023 
JX443380.1.Gila.eremica              0.0110295 0.0111308 0.0054796 0.0040572 0.0047411 0.0063011 0.0061133 0.0013433 0.0000010 0.0061123 0.0061123 0.0047443 0.0040828 0.0091021 0.0055663 0.0055056 0.0054647 0.0033782 0.0075856 0.0054205 0.0061112 0.0054234 0.0061112 0.0040599 0.0061340 0.0054464 0.0040435 0.0040550 0.0040774 0.0047393 0.0020159 0.0033640 0.0054277 0.0047841 0.0033755 0.0040578 0.0040505 0.0040621 0.0000000 0.0006720 0.0075192 0.0061292 0.0088752 0.0095773 0.0067918 0.0074831 0.0047537 0.0047311 0.0124162 0.0067938 0.0097028 0.0098084 0.0075125 0.0074996 0.0089858 0.0074996 0.0075030 0.0089163 0.0074996 0.0068180 0.0075731 0.0075100 0.0075061 0.0103356 0.0096653 0.0112142 0.0047488 0.0061200 0.0061081 
JX443381.1.Gila.eremica              0.0117971 0.0119066 0.0061720 0.0047710 0.0054615 0.0070098 0.0068502 0.0020347 0.0006720 0.0068490 0.0068490 0.0054652 0.0047920 0.0098145 0.0062699 0.0062015 0.0061552 0.0040861 0.0082861 0.0061497 0.0068441 0.0061497 0.0068441 0.0047905 0.0068938 0.0061762 0.0047710 0.0047710 0.0047732 0.0054624 0.0027125 0.0033962 0.0061760 0.0054863 0.0040828 0.0047717 0.0047795 0.0047795 0.0006720 0.0000000 0.0082735 0.0068645 0.0096345 0.0103365 0.0075349 0.0082335 0.0054686 0.0054686 0.0124904 0.0075282 0.0104085 0.0105215 0.0082617 0.0082421 0.0096958 0.0082421 0.0082458 0.0096729 0.0082421 0.0075542 0.0082717 0.0068467 0.0068384 0.0111201 0.0104319 0.0119298 0.0054733 0.0068359 0.0068359 
JX443389.1.Moapa.coriacea            0.0131544 0.0132759 0.0075668 0.0061121 0.0068023 0.0084390 0.0081862 0.0089614 0.0075192 0.0081848 0.0081848 0.0054317 0.0047717 0.0112527 0.0076875 0.0062050 0.0061587 0.0054285 0.0096976 0.0074852 0.0081830 0.0074891 0.0081830 0.0047586 0.0068475 0.0075214 0.0061088 0.0061088 0.0061427 0.0067998 0.0054260 0.0061142 0.0075171 0.0068643 0.0054242 0.0061130 0.0061196 0.0061196 0.0075192 0.0082735 0.0000000 0.0026898 0.0123956 0.0131105 0.0102764 0.0109795 0.0068324 0.0068196 0.0160040 0.0102797 0.0132846 0.0119623 0.0096034 0.0095872 0.0111079 0.0095872 0.0095916 0.0110217 0.0095872 0.0103170 0.0111884 0.0111022 0.0110886 0.0139023 0.0132328 0.0148506 0.0061238 0.0082102 0.0081943 
JX443390.1.Moapa.coriacea            0.0117191 0.0118271 0.0061650 0.0047338 0.0054189 0.0070015 0.0067966 0.0075544 0.0061292 0.0067955 0.0067955 0.0040565 0.0033939 0.0098028 0.0062626 0.0048054 0.0047698 0.0040542 0.0082764 0.0061017 0.0067906 0.0061017 0.0067906 0.0033864 0.0054575 0.0061277 0.0047338 0.0047338 0.0047574 0.0054198 0.0040545 0.0047379 0.0061276 0.0054680 0.0040510 0.0047345 0.0047421 0.0047421 0.0061292 0.0068645 0.0026898 0.0000000 0.0109713 0.0116807 0.0088732 0.0095714 0.0054428 0.0054354 0.0145497 0.0088712 0.0118341 0.0105087 0.0081956 0.0081827 0.0096776 0.0081827 0.0081864 0.0096027 0.0081827 0.0089031 0.0097473 0.0089705 0.0089596 0.0124650 0.0117888 0.0133772 0.0047454 0.0068124 0.0067991 
JX443391.1.Ptychocheilus.umpquae     0.0089004 0.0089818 0.0061541 0.0060911 0.0054048 0.0062787 0.0067848 0.0103274 0.0088752 0.0095541 0.0095541 0.0095534 0.0089070 0.0090614 0.0055419 0.0103938 0.0103171 0.0067851 0.0082618 0.0060911 0.0054048 0.0060911 0.0054048 0.0088874 0.0110185 0.0088890 0.0074697 0.0074697 0.0075070 0.0081630 0.0067737 0.0074630 0.0088886 0.0082372 0.0067798 0.0074708 0.0074830 0.0074830 0.0088752 0.0096345 0.0123956 0.0109713 0.0000000 0.0006683 0.0020113 0.0013376 0.0081843 0.0081723 0.0102767 0.0074676 0.0096772 0.0097822 0.0068008 0.0067893 0.0089622 0.0067893 0.0067923 0.0081955 0.0067893 0.0061104 0.0125513 0.0117498 0.0117354 0.0082160 0.0075424 0.0090482 0.0081804 0.0067943 0.0067811 
JX443392.1.Ptychocheilus.umpquae     0.0096047 0.0096927 0.0068469 0.0067815 0.0060926 0.0069857 0.0074782 0.0110385 0.0095773 0.0102572 0.0102572 0.0102565 0.0096049 0.0097717 0.0062431 0.0111026 0.0110195 0.0074783 0.0089624 0.0067815 0.0060926 0.0067815 0.0060926 0.0095905 0.0117311 0.0095923 0.0081649 0.0081649 0.0082012 0.0088622 0.0074660 0.0081575 0.0095919 0.0089357 0.0074727 0.0081661 0.0081795 0.0081795 0.0095773 0.0103365 0.0131105 0.0116807 0.0006683 0.0000000 0.0026872 0.0020119 0.0088844 0.0088722 0.0109841 0.0081630 0.0103824 0.0104954 0.0074959 0.0074830 0.0096647 0.0074830 0.0074864 0.0088966 0.0074830 0.0068030 0.0132664 0.0124665 0.0124512 0.0089195 0.0082450 0.0097573 0.0088801 0.0074833 0.0074739 
JX443393.1.Ptychocheilus.oregonensis 0.0068144 0.0068768 0.0054591 0.0054033 0.0060885 0.0055694 0.0060906 0.0082185 0.0067918 0.0088475 0.0088475 0.0074714 0.0068200 0.0097718 0.0062432 0.0082771 0.0082156 0.0060942 0.0075566 0.0054004 0.0060885 0.0054033 0.0060885 0.0068008 0.0089054 0.0081874 0.0067733 0.0067733 0.0068107 0.0074639 0.0047176 0.0054003 0.0081830 0.0075345 0.0060894 0.0067779 0.0067853 0.0067853 0.0067918 0.0075349 0.0102764 0.0088732 0.0020113 0.0026872 0.0000000 0.0006679 0.0061098 0.0060984 0.0095716 0.0054061 0.0075681 0.0076491 0.0047387 0.0047310 0.0068609 0.0047310 0.0047330 0.0061180 0.0047310 0.0040550 0.0104103 0.0103306 0.0103180 0.0061304 0.0054594 0.0069274 0.0061036 0.0047345 0.0047254 
JX443394.1.Ptychocheilus.oregonensis 0.0075079 0.0075770 0.0061515 0.0060885 0.0054025 0.0062760 0.0067783 0.0089187 0.0074831 0.0095446 0.0095446 0.0081635 0.0075143 0.0090574 0.0055395 0.0089817 0.0089149 0.0067821 0.0082582 0.0060853 0.0054025 0.0060885 0.0054025 0.0074928 0.0096069 0.0088851 0.0074627 0.0074627 0.0075038 0.0081555 0.0054003 0.0060852 0.0088792 0.0082336 0.0067769 0.0074676 0.0074759 0.0074759 0.0074831 0.0082335 0.0109795 0.0095714 0.0013376 0.0020119 0.0006679 0.0000000 0.0067996 0.0067870 0.0102721 0.0060916 0.0082698 0.0083592 0.0054245 0.0054156 0.0075605 0.0054156 0.0054180 0.0068088 0.0054156 0.0047385 0.0111224 0.0110376 0.0110242 0.0068227 0.0061526 0.0076330 0.0067928 0.0054196 0.0054092 
JX443395.1.Ptychocheilus.grandis     0.0103155 0.0104102 0.0061657 0.0047408 0.0054268 0.0070024 0.0068066 0.0061632 0.0047537 0.0068054 0.0068054 0.0040625 0.0033966 0.0098041 0.0062634 0.0048060 0.0047704 0.0040602 0.0082775 0.0061107 0.0068006 0.0061107 0.0068006 0.0033914 0.0054656 0.0061368 0.0047408 0.0047408 0.0047580 0.0054278 0.0026954 0.0033747 0.0061366 0.0054687 0.0040569 0.0047415 0.0047491 0.0047491 0.0047537 0.0054686 0.0068324 0.0054428 0.0081843 0.0088844 0.0061098 0.0067996 0.0000000 0.0000010 0.0131260 0.0074792 0.0103975 0.0090774 0.0082086 0.0081893 0.0096788 0.0081893 0.0068038 0.0096105 0.0081893 0.0075060 0.0083188 0.0068484 0.0068402 0.0096421 0.0089598 0.0104877 0.0047524 0.0054310 0.0054205 
JX443396.1.Ptychocheilus.grandis     0.0103155 0.0104102 0.0061657 0.0047344 0.0054195 0.0070024 0.0067939 0.0061473 0.0047446 0.0067928 0.0067928 0.0040570 0.0033943 0.0098041 0.0062634 0.0048060 0.0047704 0.0040547 0.0082775 0.0060992 0.0067915 0.0061025 0.0067915 0.0033404 0.0054290 0.0061285 0.0046696 0.0047318 0.0047580 0.0054175 0.0026885 0.0039960 0.0060439 0.0054687 0.0040515 0.0047351 0.0046776 0.0047401 0.0047311 0.0054686 0.0068196 0.0054354 0.0081723 0.0088722 0.0060984 0.0067870 0.0000010 0.0000000 0.0131075 0.0074741 0.0103975 0.0090774 0.0081967 0.0081837 0.0096788 0.0081837 0.0067991 0.0096039 0.0081837 0.0075009 0.0083188 0.0082490 0.0082447 0.0096225 0.0089536 0.0104877 0.0047434 0.0054273 0.0054169 
JX443397.1.Ptychocheilus.lucius      0.0138713 0.0132774 0.0103790 0.0109780 0.0116833 0.0098684 0.0116941 0.0139144 0.0124162 0.0131000 0.0131000 0.0130989 0.0124610 0.0141357 0.0105346 0.0125574 0.0131779 0.0095851 0.0111186 0.0095815 0.0102828 0.0095815 0.0102828 0.0124335 0.0146135 0.0124362 0.0109780 0.0109780 0.0110339 0.0116853 0.0102656 0.0109679 0.0124355 0.0117916 0.0102750 0.0109796 0.0109978 0.0109978 0.0124162 0.0124904 0.0160040 0.0145497 0.0102767 0.0109841 0.0095716 0.0102721 0.0131260 0.0131075 0.0000000 0.0109740 0.0125472 0.0119600 0.0103075 0.0102901 0.0118184 0.0102901 0.0102948 0.0117312 0.0102901 0.0096040 0.0154703 0.0153656 0.0153465 0.0131794 0.0125032 0.0126467 0.0117089 0.0102974 0.0102773 
JX443398.1.Siphateles.alvordensis    0.0095894 0.0096771 0.0068408 0.0067752 0.0074654 0.0076917 0.0074720 0.0082218 0.0067938 0.0088513 0.0088513 0.0074704 0.0068140 0.0119184 0.0083608 0.0082696 0.0082082 0.0060927 0.0089543 0.0067752 0.0074654 0.0067752 0.0074654 0.0068036 0.0089089 0.0081864 0.0067752 0.0067752 0.0068046 0.0074667 0.0047192 0.0054020 0.0081861 0.0075277 0.0060880 0.0067762 0.0067872 0.0067872 0.0067938 0.0075282 0.0102797 0.0088712 0.0074676 0.0081630 0.0054061 0.0060916 0.0074792 0.0074741 0.0109740 0.0000000 0.0027239 0.0083527 0.0061121 0.0060979 0.0075548 0.0060979 0.0061006 0.0074961 0.0060979 0.0054203 0.0118287 0.0103040 0.0102915 0.0089115 0.0082319 0.0097483 0.0061054 0.0047303 0.0047213 
JX443399.1.Siphateles.boraxobius     0.0118413 0.0119520 0.0096787 0.0096756 0.0103839 0.0105938 0.0103935 0.0111843 0.0097028 0.0118066 0.0118066 0.0103908 0.0097188 0.0149224 0.0112668 0.0111804 0.0110962 0.0089770 0.0118330 0.0096756 0.0103839 0.0096756 0.0103839 0.0097161 0.0118861 0.0111352 0.0096756 0.0096756 0.0096803 0.0103857 0.0075634 0.0082646 0.0111346 0.0104320 0.0089697 0.0096771 0.0096932 0.0096932 0.0097028 0.0104085 0.0132846 0.0118341 0.0096772 0.0103824 0.0075681 0.0082698 0.0103975 0.0103975 0.0125472 0.0027239 0.0000000 0.0112726 0.0082983 0.0082785 0.0104464 0.0082785 0.0082823 0.0097160 0.0082785 0.0075885 0.0140874 0.0125929 0.0125772 0.0111699 0.0104793 0.0119512 0.0089962 0.0075668 0.0075668 
JX443400.1.Siphateles.bicolor        0.0105226 0.0105226 0.0076557 0.0083462 0.0090569 0.0077284 0.0090652 0.0112932 0.0098084 0.0104852 0.0104852 0.0090630 0.0083475 0.0119924 0.0098360 0.0097769 0.0097714 0.0076443 0.0083637 0.0083462 0.0090569 0.0083462 0.0090569 0.0083814 0.0090812 0.0083440 0.0083462 0.0083462 0.0083502 0.0090585 0.0076442 0.0083538 0.0098054 0.0090990 0.0076372 0.0083475 0.0083614 0.0083614 0.0098084 0.0105215 0.0119623 0.0105087 0.0097822 0.0104954 0.0076491 0.0083592 0.0090774 0.0090774 0.0119600 0.0083527 0.0112726 0.0000000 0.0027414 0.0041327 0.0055345 0.0041327 0.0027463 0.0055431 0.0041327 0.0048425 0.0141811 0.0127317 0.0127156 0.0112927 0.0105479 0.0120322 0.0076606 0.0076477 0.0076477 
JX443401.1.Siphateles.bicolor        0.0075200 0.0075892 0.0061667 0.0061035 0.0067926 0.0062919 0.0067986 0.0089543 0.0075125 0.0081772 0.0081772 0.0067971 0.0061416 0.0105138 0.0069659 0.0075923 0.0075362 0.0054208 0.0082789 0.0061035 0.0067926 0.0061035 0.0067926 0.0061283 0.0082306 0.0075107 0.0061035 0.0061035 0.0061340 0.0067937 0.0054212 0.0061088 0.0075104 0.0068545 0.0054165 0.0061044 0.0061142 0.0061142 0.0075125 0.0082617 0.0096034 0.0081956 0.0068008 0.0074959 0.0047387 0.0054245 0.0082086 0.0081967 0.0103075 0.0061121 0.0082983 0.0027414 0.0000000 0.0013423 0.0034064 0.0013423 0.0013428 0.0027001 0.0013423 0.0020219 0.0111617 0.0103722 0.0103595 0.0082406 0.0075649 0.0090757 0.0054321 0.0054378 0.0054273 
JX443402.1.Siphateles.bicolor        0.0075022 0.0075712 0.0061523 0.0060933 0.0067811 0.0062768 0.0067871 0.0089392 0.0074996 0.0081644 0.0081644 0.0067856 0.0061272 0.0104890 0.0069492 0.0075741 0.0075185 0.0054119 0.0082593 0.0060933 0.0067811 0.0060933 0.0067811 0.0061177 0.0082173 0.0074977 0.0060933 0.0060933 0.0061197 0.0067823 0.0054123 0.0060987 0.0074975 0.0068383 0.0054076 0.0060942 0.0061041 0.0061041 0.0074996 0.0082421 0.0095872 0.0081827 0.0067893 0.0074830 0.0047310 0.0054156 0.0081893 0.0081837 0.0102901 0.0060979 0.0082785 0.0041327 0.0013423 0.0000000 0.0033986 0.0013392 0.0013398 0.0026939 0.0013392 0.0020173 0.0111345 0.0096187 0.0096071 0.0082272 0.0075470 0.0090539 0.0054230 0.0054251 0.0054147 
